,X,Y,Z
0,0.6514248935195907,0.44447864624097533,0.5784679955602197
1,0.6328823102249089,0.6561524944158136,0.5539376744876322
2,0.6359103642961883,1.1247579745848018,0.5540825882412014
3,0.7021559453316514,1.3832374565444154,0.5566201761157612
4,0.6511618646893595,1.5234172862308213,0.5502617257038156
5,0.8095029978152333,1.63378730630504,0.5439775309631412
6,0.9160517092112412,1.8013005640915303,0.542372164025833
7,1.0411338658447886,1.991955603942924,0.5440118837435166
8,1.1281615939121357,2.1849457435846613,0.5499321237378056
9,1.2709036529890563,2.4739373394188515,0.5634644813100622
10,1.2122233635873843,2.740925204820406,0.5951342463243521
11,1.2935211741942485,3.151918528241384,0.5988478729826168
12,1.3944962138233084,3.4170641336915475,0.6185863961008067
13,1.5867817637407637,3.84153514581462,0.6290816581899956
14,1.953417569799326,4.2198229582548965,0.7033889615785339
15,2.1902034184949914,4.691095530068562,0.8132849497175136
16,2.309898041858304,4.978659385479615,0.8270447943519911
17,2.6072281978663563,5.577852063711667,0.8994514548366227
18,2.8992240590157867,6.785627212891608,1.078934179453939
19,3.1757949661550855,7.394162317906118,1.2752113058548527
20,3.4549990134802497,8.717374461265454,1.4976917129993563
21,3.540486721576975,8.730824789761138,1.8003111665128904
22,3.8977588624172346,9.559156683217275,2.54217298929715
23,4.42429549558389,10.546675727750268,2.7732699871228945
24,5.035406063298413,11.478850507584408,3.425852583315221
25,5.258437556545046,12.265128101328063,3.231860784384583
26,5.589389641313972,13.676152412449657,3.650790807911191
27,6.846853682462417,15.161461217373086,4.351040339921309
28,5.975241606756674,18.096084691797145,5.319967745559469
29,6.883469115692898,19.469477058990115,6.907820415564831
30,3.999616822358559,22.681795312901183,7.935690890911824
31,5.914412483362041,22.72894975651361,9.457670113964474
32,7.849032901378942,22.858221276354133,9.458066923788987
33,9.312209471115832,24.132409449416837,11.467627219793721
34,9.660153813476207,25.19502224229283,13.078557029552215
35,11.899049951131119,26.102911309412374,14.806475573243493
36,13.373568908138873,27.08863658033327,17.115521167926044
37,15.591094837958968,28.943140007668347,26.57351468610973
38,16.904241233491263,28.879130630426175,32.860309962318524
39,17.334044139768054,28.066478395219733,38.52140342459681
40,18.424913255021565,23.880844453528365,44.51348653513111
41,18.91999271247863,16.27328677622892,47.659801715486836
42,18.940177700567148,12.559865212429417,48.55955188111893
43,19.1001638912721,12.677529700706636,50.26785247501669
44,17.756711808743503,8.04137190266546,51.12978151662965
45,16.66648434945489,8.588704418851307,51.18764342788346
46,15.883493423520736,4.1264760067464,51.17293331367203
47,16.303148658961735,-0.9200320339696493,49.99461853959201
48,11.432746041040065,-6.1881086906534,48.48256191709931
49,9.810043517860239,-11.892027181089958,46.51937271444371
50,7.580131066160572,-11.724625659213299,46.17784334529458
51,4.973843770680672,-13.544357215705677,43.829696792070834
52,2.6326370574047573,-14.251975026824047,43.36360843857149
53,0.9658054400510669,-14.567178552027425,45.77923309489472
54,-3.2619135281325837,-14.600523501197845,44.70000031025265
55,-4.4703177142044686,-13.926591479572853,43.977534994998
56,-6.187458136504596,-12.209307608813381,43.16648087294799
57,-6.554310394273877,-8.445423952046127,42.94020316432902
58,-6.948683036181514,-8.65421255760333,42.17317911519399
59,-7.150452173614643,-7.890852733710789,41.88255982173705
60,-7.272471895344188,-6.803545740863494,41.643498345817065
61,-7.144067336573255,-4.708891734840069,40.6357282795494
62,-6.856737071731729,-2.845426122472574,38.88901749770006
63,-6.708150882995591,-1.6831413856962283,37.39672336867109
64,-6.018828097367745,-1.6608376241653846,37.420255994243725
65,-5.586033732355747,-0.9007083366758961,36.64443819043552
66,-4.680980795274399,-0.47701351609039544,35.703254810015366
67,-4.908276773792436,-0.09467513211773332,34.88020477032869
68,-4.475949140540058,0.14359702167890814,33.998823043320236
69,-4.4240647552789465,0.4881484073738032,33.356210206775685
70,-4.615158895011653,0.7103153378508326,32.58755205640266
71,-5.674386780537074,0.9289608504439657,32.164727759847494
72,-4.97230035286158,1.200084076227307,31.09790929963928
73,-5.05631399078566,1.429726366723577,29.839603199621145
74,-4.752805774025476,1.4457704064101071,28.64078206732163
75,-4.567846118088044,1.4640141614119606,26.653334873238308
76,-5.0346859328713744,1.4505623222014465,26.046312861534616
77,-4.118779409927692,1.3090805913737227,25.675249251575664
78,-3.398058953862359,1.1638491427840978,24.383262877013294
79,-3.910765111395451,0.8924990073228539,20.92104760170797
80,-3.4623281362070673,0.5922189744414996,20.97761752935369
81,-3.091933690751554,0.4374257698370325,20.06907120551465
82,-2.8042590257434292,0.0626797437427502,19.708199246893436
83,-2.603943191191764,-0.007315175587763692,19.805694946249634
84,-2.496549234177471,-0.237515912017992,19.309505515590843
85,-2.121804494717912,-0.555701205016669,17.40800607172699
86,-1.9025964173747425,-1.1425108525005419,16.88328156284644
87,-1.8247779209388375,-1.1973424566192739,16.447626051498567
88,-1.6750155030117286,-1.4420576452931613,16.29556839058253
89,-1.6682978763051424,-1.4009944758343702,16.266021547525835
90,-1.6273962645839748,-1.594761798431379,15.904924175537156
91,-1.6283295830878517,-1.7675206711543117,16.182527453344036
92,-1.6272591976754707,-2.1783768091592726,15.750029930770037
93,-1.6698757511505216,-2.245148283485785,15.072420096090758
94,-1.6482064612498255,-2.6037200265589755,14.622608046509663
95,-1.728393081940945,-3.0690932298045066,13.932693039407544
96,-1.9500580921736814,-3.1491219599971063,14.223603598343782
97,-2.041757375213946,-3.3614744271919768,13.925249805044375
98,-2.2240743582317366,-3.7132048036218763,13.44777256576589
99,-2.427855414329996,-3.7557925665736716,13.115689121448758
100,-2.527811422915424,-3.773130179339116,12.632590591673592
101,-2.700705672615875,-3.8339054729179094,12.243989854602248
102,-2.800116541578235,-4.525562046569488,11.928941679618902
103,-2.90302594082578,-5.55467099882572,11.735257658294428
104,-3.1915937076330985,-5.808168005443946,11.46518252474813
105,-3.7701625092145603,-6.393904858150024,11.321723142885006
106,-3.970235463797127,-7.095587030825245,11.216155688443031
107,-4.045582899597611,-7.200713778399052,11.162755260850062
108,-4.072739116465577,-7.6120348752018545,11.155396846161427
109,-4.706954971164876,-8.403692874428916,11.163125047900829
110,-5.262166274599438,-7.1587085406796405,11.241276445231518
111,-5.414399213293241,-8.105622347833885,11.281216654097584
112,-5.687344106376259,-9.116042146796918,11.517612129329516
113,-5.9593141259696925,-9.483048690304651,11.695423235202226
114,-6.8390192073054115,-9.940668242072272,12.37087278489089
115,-7.1658057926560765,-11.754098669733166,13.03133919299801
116,-7.277440908433597,-11.717735500699668,12.698291134490265
117,-7.5783885094731485,-14.207606570707673,15.139664884970529
118,-8.212374685481647,-14.869052732128848,15.69107383457338
119,-9.91895156600657,-15.01179157250983,15.984574532946796
120,-10.632808250159448,-16.186912387460215,16.284504040292447
121,-10.99758108899403,-18.954771031950628,18.13394188118336
122,-12.291158672540776,-18.90759823910396,19.561393395349842
123,-13.147495910221586,-19.518544307104182,21.294507438072706
124,-13.971073120959906,-21.243224546113467,22.18116515528761
125,-14.689031104462634,-21.823087888150845,25.280658506885878
126,-15.640392613038614,-21.93464996914419,30.09439645209425
127,-16.010144391207852,-20.756154271167123,33.449857792831935
128,-16.007307568022796,-19.75793157248717,35.95294189035881
129,-16.51658357443087,-17.842669995128798,37.92352193747027
130,-16.573987462701872,-15.86608175929259,39.42842250112199
131,-16.376313962409,-14.703162732678226,37.91092978745249
132,-16.301878346638,-11.964952324529733,39.79978353676646
133,-15.615564282403133,-9.926914166623757,39.69718740444196
134,-14.908283738548773,-7.856743562246971,40.52086710005537
135,-14.464537218245457,-5.871467615603354,40.59451508628943
136,-13.5207236412044,-4.078597252038446,40.485007873659704
137,-12.708507856217075,-2.9645799210993276,39.72175786062226
138,-10.854313085072793,-0.8335082778950498,39.39797511761897
139,-9.814904559370087,1.8292750648890683,38.97968975813136
140,-9.399743179958001,3.9198585337788447,39.29087606750847
141,-8.361229073894659,5.750140217590207,37.4192998050189
142,-8.049332118414473,6.343133758147063,34.573134474742695
143,-6.217983663206168,7.897954887757917,31.507282155023823
144,-3.5946618029038664,8.175131794544015,29.142148778941785
145,-0.01812072787269381,8.214408464910223,27.36637396821795
146,1.6761617145629724,8.146051068697718,26.381804668552505
147,2.387677009170901,8.084696065113663,28.387842320932535
148,2.9960436486240773,7.883600834068183,27.692892791065347
149,2.8366221186857197,7.774384923171426,26.922637670621135
150,2.8431190169201943,7.710657989653998,27.173481222796347
151,2.8927624622893418,7.646911751322497,26.950807270532373
152,3.2028017019018242,7.525758038582005,26.42767313609374
153,3.4199339266759297,7.502401267234009,27.180364715351853
154,4.681444268323916,7.357382701780748,26.686885225168187
155,5.256899314189058,7.346948271323522,26.35563563605891
156,5.252210600293942,7.362273600520962,26.13575125647392
157,5.577726435115533,7.403501856903618,25.886577481562558
158,5.80742406553934,7.415381302241133,25.704419288944006
159,5.975171825161189,7.462401176505356,25.607437991526382
160,6.1489715591569425,7.381476151003083,25.3534340620022
161,6.303522575607503,7.484665654200991,25.605962570120212
162,6.302783590821824,7.490586468756723,25.50924397067416
163,6.391662536112518,7.577029485446772,25.062990165370692
164,6.606963882598802,7.76527288437653,25.003900789177596
165,6.699767082854918,7.940187325845942,24.697342609415298
166,6.942635738955732,8.107130882490688,24.42893777292544
167,7.033413484925574,8.371685966342675,24.35233071687008
168,7.266076121337124,8.202002701330233,24.30504845723054
169,7.335064778248145,8.59297949086777,24.272776440833383
170,7.492583790894591,8.712297099941376,24.248044476283663
171,7.59027329325211,8.325993547061781,24.250371057648138
172,7.672661174189707,8.424127623493142,24.222826542250427
173,7.6875182778271824,8.745301780362484,24.223079444795022
174,7.80566501295684,9.023097526825122,24.252774300569094
175,8.056501460511416,9.124858411070152,24.290116367241
176,8.137517460855491,9.229932661397058,24.30086135329701
177,8.214531340400518,9.540356151258662,24.363261674025235
178,8.344795850840919,9.805080531803506,24.475614641022624
179,8.600340470257875,9.840568892751863,24.58835152572109
180,8.698071736604147,10.069496905179207,24.77544241885157
181,8.728438057639487,10.255776930302948,24.958670605154218
182,8.773982958688022,10.564446897017595,25.137967217561442
183,8.872806905607339,10.762138882980592,25.413963318283713
184,9.113169049794344,10.83393611351956,25.68890846634144
185,9.25985755175016,11.025662077118781,25.886656380292653
186,9.504300722190393,10.903525759309025,26.476999758941666
187,9.556211787031398,10.943921550953094,26.88908978637517
188,9.718596139630607,10.94052477262988,26.996567175546655
189,9.849147715808728,10.921201210831935,27.323118013824036
190,9.94484476095957,10.912530542263722,27.34433088711954
191,10.108301044829124,10.842981790468366,27.244305427076032
192,10.254041905657399,10.800412193079826,27.684094476384267
193,10.3349515998989,10.569989058704866,28.171964355045784
194,10.338050319838652,10.540116413073955,28.519788639233703
195,10.367640084974164,10.179702775808773,28.814813780533292
196,10.344724637795045,10.26735741385859,28.871350396350536
197,10.342805701793694,10.313593271845944,29.468645118963682
198,10.340336898393685,10.014447807379167,29.830256918489585
199,10.31938665049773,9.90416610273387,30.086777175086446
200,10.274816668243412,9.528808322705165,30.129231017305077
201,10.208497154615596,9.223053068735341,30.094058098488354
202,10.135094108787825,9.121354467669718,30.338087019757054
203,9.852055499594712,8.74168843610113,30.463285039992243
204,9.836470746415179,8.105344440700335,30.52130806802026
205,9.72677294879527,8.205531463337866,30.484183149683382
206,9.528702087280998,7.896253811829129,30.46445414536016
207,9.231145365796488,7.962261365968653,30.435031327126786
208,9.138584077371334,7.042022441357434,30.312927967372918
209,8.899553383099759,6.785543955207452,30.17302741301345
210,8.219200965565632,6.647633414377894,29.877181461181767
211,7.947698979367624,6.410161272252217,30.197801712793154
212,7.734063804132059,6.129126825914623,29.924794872273512
213,7.5951135951612505,5.782383402098152,29.08534726618126
214,8.048541075590755,5.313897530115522,28.681947476424494
215,8.12547520624516,5.231012285929867,27.953320683875233
216,7.903943509088014,5.1575056771794054,27.64135831111711
217,7.502903942041268,5.1723024904265005,27.633453509856906
218,7.334924959644243,5.126079467465983,27.399035441838382
219,7.098031639090069,5.122623673165212,26.449617828704007
220,7.0147170383153155,5.147498448466126,25.981561409647323
221,6.8371854866772175,5.226340312399619,25.60381193279408
222,6.711386853590439,5.164434657019928,25.45108315401526
223,6.600854722644661,5.0208468176999315,25.212934204047528
224,6.529377773908203,4.9949440815973665,24.715226684432952
225,6.875282454112341,5.098580595838603,24.422683459841352
226,6.641649316722511,5.289975163820666,23.844951221054263
227,6.5044623407993365,5.516686389066942,23.87437198943865
228,6.421347973161358,5.457234035917119,23.429838850711356
229,6.337736055629653,5.756503737657408,23.48869396921242
230,6.197217271729569,5.770363123063533,23.35401617526141
231,6.078629141559818,5.701090307064393,23.094717224347235
232,6.0302896064899505,5.769989898765109,22.7624905732403
233,6.028894574087011,6.166011152312595,22.287167219016304
234,6.028984123229098,6.627890982120462,22.073769632535086
235,6.099005808545666,6.977374847679493,21.875039328369457
236,6.1834687814840885,7.859650875202663,21.710646775425495
237,6.201120276548478,7.968563991257342,21.680257951632697
238,6.509168915848349,8.187890284420606,21.61942243923486
239,6.656070341113831,8.348277201736575,21.574661192545385
240,6.80437844950105,8.499872553401243,21.557121414665914
241,7.2576974592722365,8.78876790326175,21.56527742620087
242,7.470065802793314,9.29097715244386,21.63126266444877
243,7.8731349824311225,9.254718777234144,21.778384471655723
244,8.119025276591465,9.750906236797915,21.764391710985365
245,8.18617330907961,10.195755267330911,21.96338118184308
246,8.210720663572646,10.40368043508481,22.389264686106763
247,8.332583925706349,10.08000665757006,23.200446621081984
248,8.534940993658143,10.802856044039258,23.112479533796087
249,8.812682392693885,10.872109311202543,23.572247860057825
250,9.057422090088147,10.960035934331938,24.029603315382882
251,9.226166951628906,11.454124332339683,24.42296857969167
252,9.459993269172111,11.593509893078165,25.258428068759187
253,9.524017181553484,11.722314400282682,24.887731447858325
254,9.915257963554103,11.746550533521503,25.547022348630033
255,9.602464064870155,11.895306215499287,26.23044861483938
256,10.232271532320931,11.961923125829072,27.342251506648157
257,10.325509686214092,11.963840397778716,27.651323635450108
258,10.491010294659166,11.904218398009824,28.14795051988385
259,10.502515447518643,11.737844991165254,28.699061931179983
260,10.622826251313851,11.362930461611285,28.798699196562808
261,10.712903306615498,10.952134561967398,29.2641566466602
262,10.7302960625597,10.769194903602207,29.552601176156905
263,10.728735558067976,10.419590046931708,30.58070195686384
264,10.703680763577067,9.510512721778454,30.893668270429714
265,10.565685649548556,9.110101042734378,31.15182956855158
266,10.523044512447917,8.707867740289698,31.40662357787898
267,10.353355449171442,8.978080037889146,31.575090795193333
268,10.18665061591116,8.541232361457508,31.62350927956332
269,10.010388472889739,8.172547149376014,31.646318652482613
270,9.792627708088048,7.771754303184776,31.618085617207342
271,9.569918961241667,7.453724707609907,31.560654137211518
272,9.335896480633139,6.646479372640861,31.31371007639991
273,8.976972509465343,6.455126675697463,30.807132592434705
274,8.74531998724726,6.840954265917789,30.64523412807488
275,8.352242163772212,6.765613612758678,30.643778127018223
276,8.009573031406102,6.19100898288703,30.371058290107957
277,7.614667420633264,6.067574518346782,30.290239795220625
278,7.136787885587518,5.823935385767407,29.98852820578719
279,6.950293128150579,5.712775479286398,29.734647094662396
280,6.909025914184755,5.528099269033155,29.451475236030348
281,6.768508787553995,5.330903335112188,29.157813817221147
282,6.596565625839142,5.233592098520057,28.45492237101074
283,6.443214239310578,5.177706883789857,27.853760277782772
284,6.282077194023091,5.091656002236439,27.45837750559002
285,6.038922675559732,5.04720433164647,27.449781316025625
286,5.915560473891,5.029949188007397,27.29537771723052
287,5.659504954816018,5.020362948412204,26.751521423467516
288,5.537678084460775,5.0362068534596345,26.16397671627813
289,5.476452049724205,5.097786105074034,26.071282569984845
290,5.442198614513499,5.121206132727446,26.14845978327166
291,5.421539588297504,5.142566445885026,25.106700942796696
292,5.3844039503509356,5.310886979010397,24.31959843756905
293,5.380284510780162,5.47966803012399,24.045765400350437
294,5.399095352403188,5.434943337311557,22.975551806660086
295,5.402400212750998,6.189072150683337,21.988789106392495
296,5.440210260102824,6.453549896828405,21.708370177476638
297,5.483455713377315,6.9919384394288775,21.62915448553487
298,5.666238934064174,7.2911470082486805,21.695685518231546
299,6.02379269895903,8.09776749757385,21.620329220580583
300,6.231569280029193,8.642121465947442,21.62839865222727
301,6.42612011933667,8.768767591289476,21.589476597162598
302,6.919904406453916,9.271534751243818,21.593472153084374
303,7.32778411805676,9.424427018435887,21.550235186962585
304,7.832753486787839,9.47467937147411,21.74655378982426
305,8.129554008275782,10.024151133584033,21.899326765196477
306,8.273056196177057,10.400212845432204,22.188511072756132
307,8.548421858422786,11.017044268267409,22.51034072306297
308,8.531383896829393,11.639764815419756,22.991955544368018
309,9.215675194852171,11.614147574852089,22.75480936710526
310,9.428156061438745,12.570680861113459,23.4012860644504
311,9.704641416958223,13.28709463021756,23.730722264241667
312,9.61121323634667,13.551175531191866,24.393239344112462
313,9.96343661913334,13.548681284477654,25.228217565214283
314,10.262955218657158,13.662343308387712,27.98098162930775
315,10.676048092117005,13.690225954926316,27.795314529518215
316,11.057365049655708,13.68373853529392,29.701169391375355
317,11.221370242852906,13.221675942216807,29.750269721258427
318,11.51514986654615,12.627202037629804,31.026698185268913
319,11.677932134526154,11.997413271893945,31.808020281554086
320,11.699647684448374,11.753000234651644,32.330957458986354
321,11.705379127565465,10.956237788617088,32.385176310985266
322,11.659817904201141,10.179281750427403,32.8340374604026
323,11.391980020804642,9.621533138141114,33.03022341358051
324,11.201246815247787,8.961176205227117,33.324317136718975
325,10.993815548024289,8.690310790481124,33.463177990302675
326,10.963890259068922,8.11739717267953,33.47873115600072
327,10.520879971474157,7.390511179342276,33.47631136189467
328,10.170515658462497,4.779836851633238,33.3561240905172
329,9.924467050759569,3.2255136218551463,33.09239563606156
330,10.894063201782362,2.0664225229655235,32.77298484522718
331,11.308457332683094,1.3782779141370032,32.07380807534286
332,9.996410712526815,1.0526376539970643,32.523729265543196
333,8.763801255619882,0.6185739710910184,31.508347025351878
334,8.912399860695022,0.3129955921868918,30.384277060036407
335,9.6857561212464,-0.07124487587079847,30.59510534373692
336,8.961919116503672,-0.3095414038613607,29.758928685317407
337,6.445000074802078,-0.3849330002587862,29.23181886622542
338,6.188942095027436,-0.5043166922568295,27.939818161640222
339,5.460836738931458,-0.5038084645675844,26.681920941983027
340,4.71201576148921,-0.3886294169446435,25.17582760131012
341,4.095898386213221,-0.16549630680767338,24.25892087323338
342,3.7195418357638053,-0.06269334083726445,23.586783985233918
343,3.13309782909284,0.04011073406355138,23.53123689743847
344,2.5363493749038875,0.18224029490032057,22.519830150206023
345,2.2936696801746312,0.2738892690296121,22.174978573711655
346,2.3608448965939024,0.40693513741044113,21.630459620891024
347,1.8472134865786094,0.5534364350695613,20.863948087644168
348,1.5275587996189188,0.7067150477963323,20.372505375263703
349,1.4371925923682802,0.774001721798361,19.376052135623144
350,1.3779401939689557,0.8684425648027956,18.723033828552346
351,1.3355189811186574,1.000053563459212,18.484708217885732
352,1.3138536963801657,1.1310588981634764,17.655120962992818
353,1.300245845327044,1.1541355432052638,16.841290242979046
354,1.2651109896883534,1.2196956494484505,16.68612332465681
355,1.261701234689091,1.3579866122200548,16.33624627998749
356,1.2755207965879427,1.5268727587683761,15.793880940984392
357,1.3097757830854408,1.6102060492682417,15.806850272178348
358,1.3745429345959608,1.6917443951359534,15.757461074830086
359,1.3431708437892682,1.9264833570535627,15.59046978474495
360,1.4008010781950837,2.2202352060264947,15.536760954514028
361,1.3966175171331798,2.5173843472063098,15.112258518700019
362,1.453863549147807,2.777264644705352,15.737272039903203
363,1.5623297307286128,2.832298347457552,16.60441621895192
364,1.5988526063661774,3.019429527600338,16.134832193773402
365,1.7054767675935794,3.006435196422858,15.682966993585831
366,1.8196072723657908,3.1475646054307433,15.781938327622779
367,1.9393304469155703,3.27503947766609,15.794794891872332
368,1.8942750998090627,3.4235385891025922,15.42374980223401
369,2.1331151547881064,3.6837086340346445,14.966249493394468
370,2.345697097429398,3.7492115961294874,14.610644291292424
371,2.4296626211821537,3.975111085212021,14.278868462242194
372,2.700578706801884,4.078681761820761,13.891219954865072
373,2.746083729380182,4.216609315143048,13.306117538368008
374,2.9028588333460537,4.525328149695106,12.874660484183394
375,3.0968292752633153,4.777454591012011,12.593227445342418
376,3.1517960294711806,5.234676051665594,12.272377804104337
377,3.3333429704246966,6.009873264351918,12.065054015959245
378,3.626631007067687,6.50924606395373,11.945684563206985
379,3.706849328569404,7.357538422110343,11.869019707571505
380,4.1414588110645365,7.717852914729178,11.846063974269775
381,4.420206710251258,8.519375978800765,11.847541370873738
382,5.014023573718794,9.354515918659935,11.908950611998865
383,5.455036584816503,9.35878963899784,12.137703280342082
384,5.883479692159375,9.626852119237585,12.330025230346372
385,5.972785210415585,10.219041666489014,12.409890750682429
386,6.535872331038245,9.686635921972503,12.586352355463353
387,7.060781208882308,10.913499816346787,13.39354507199543
388,7.406416361598824,12.797460032147356,13.83237811098959
389,7.7368093599530985,13.90024432967468,13.978306689889113
390,8.730726258798066,15.086661327550004,14.716477677432737
391,9.279790975721562,14.220844138369008,16.24865263586621
392,9.710770520420247,15.150401590906084,16.707255048100272
393,9.762123736487403,16.54681423782704,17.853048226776515
394,11.593715250359896,16.156035557934416,19.219146707714458
395,11.784876671178662,17.469785690528237,21.050092837642097
396,11.545775224866164,18.137386793940163,22.232064525037398
397,12.864858665539925,18.669806972352674,23.716524431939828
398,13.599817629481716,19.040654672498444,25.32672332365545
399,14.097393773795186,19.2595140563986,26.319448904629034
400,15.161297943752755,19.341125214589738,27.91669965478089
401,15.21468414560392,19.136788521186517,32.50089986265604
402,15.556545827454277,17.967191587544214,33.24693510762616
403,16.04468214299393,17.501209930180547,33.40458687935904
404,16.3906546511727,15.62882571211036,39.13134164145073
405,16.33492575215802,11.708022830489815,40.15771372438515
406,15.926974472653187,10.294791498611882,41.00680180895765
407,15.861101392066422,6.211527538190966,41.76036274389756
408,14.624872980883826,5.855484314226348,41.607309011577556
409,12.745097286094596,2.493501197356651,41.20283046080923
410,11.903951279060315,0.555036979229129,40.4771591534529
411,12.528277347746625,-1.1784009118714576,39.79548794072424
412,13.33442842735406,-2.871345830942998,38.76022178123254
413,12.923072543732648,-4.003728860353208,37.31644857329297
414,11.252767628583793,-3.942802273602452,33.38839446540967
415,9.844169032617048,-4.009431516370419,31.634425659552537
416,8.459186115095498,-4.506042002292075,30.319619316497757
417,7.586174379503902,-4.469745939148482,28.00370385236987
418,8.11860512556354,-4.430924546089323,26.82315475823842
419,7.129559490630997,-4.416734518181179,25.934752125682266
420,5.089982194182352,-3.6054837864347413,24.913637964157118
421,3.7726268494076827,-3.282279718687356,24.517983432477482
422,3.040436683292554,-3.150805053353145,23.732091864821317
423,1.7807690974477948,-2.9635274017413824,23.252315703870487
424,0.9928604633751511,-2.941088359785912,22.374025489185367
425,0.6213363976514807,-2.7106755728340914,21.892610671841805
426,0.3427687243918614,-2.5648009491164174,21.277948590764318
427,0.04759058866429278,-2.505574197735388,22.321181015513808
428,-0.34725242992824185,-2.4400493786512407,22.13382032759546
429,-0.5773416884351561,-2.437047717647787,22.2313395738297
430,-0.7084480479158766,-2.4420503989166664,21.8419182014549
431,-0.887272701829257,-2.4956398484839504,21.292193523059687
432,-1.0288010694478793,-2.5645758057725443,20.636411372632466
433,-1.1174334026498498,-2.576729470389602,20.611119315212566
434,-1.2763535090695424,-2.6424002458816984,19.87501118674417
435,-1.5964412614997974,-2.8189794331451967,19.13680677610661
436,-1.7272051896988663,-2.5477559833033117,18.271701233872417
437,-2.024412988116488,-2.659760846200366,17.720210001957565
438,-2.112012661111237,-2.682912029452696,17.335356031418264
439,-2.180577227076976,-2.736167769509261,16.884608715213446
440,-2.242579616985394,-2.759311353761471,16.315854616235068
441,-2.3654704241897835,-2.697814589185888,16.180365707784716
442,-2.425102282972322,-3.1975867543226633,16.08976380587411
443,-2.499704136871505,-3.763667067031679,15.793770772486226
444,-2.553455782864116,-4.0498921840756035,15.31757678002995
445,-2.7009031158488472,-4.230334573970473,14.83853208879807
446,-2.9600851172072744,-4.339885051376655,14.624032448772432
447,-3.1372124361441527,-4.8566206079176535,14.42056069926778
448,-3.581544045420703,-4.50882644705272,13.840018239362992
449,-3.6549605356782586,-5.079355607560629,13.891271372996485
450,-3.9265870710123587,-5.434749442096495,13.518503321930266
451,-4.113197857487074,-6.096307488846765,13.480964203527655
452,-4.3579803953289185,-6.5642081894888715,13.454840619590266
453,-4.600693015016588,-7.276255619856247,13.371169074849993
454,-4.848762998886981,-7.835319348920798,13.345529439644496
455,-4.901578441315804,-8.85561926720416,13.399827857775472
456,-4.971040632646384,-9.940267689770895,13.456635519472487
457,-4.7449386037338535,-10.36829866470606,13.700567161326541
458,-4.076383866655382,-10.592169225210068,13.70447819211156
459,-5.012259182534099,-10.872589544996735,13.787903950140622
460,-5.646022273780795,-11.451439174884754,13.904450845045933
461,-6.161671420512643,-11.964022273704645,13.873478080985878
462,-6.251570173091149,-12.857529938958443,14.34898031503076
463,-6.923039329325649,-13.281396270010628,14.35326954985625
464,-7.54551280252546,-14.053924539702766,14.63113995243881
465,-8.161914422463466,-14.649798658930337,15.506920268668907
466,-8.997071825799829,-15.299452890018722,17.238028300783537
467,-9.300498463900873,-15.911349871567815,18.240181651850257
468,-9.838008514474573,-16.4912990670011,19.404746777258538
469,-9.678062358073566,-16.960661095344737,21.960736889440224
470,-10.730450806600306,-17.0838978495081,24.319188950943477
471,-11.260130268663813,-17.245488208652823,26.92542491165754
472,-12.272923102748704,-17.18205986651762,29.065583131500397
473,-13.47958233752579,-16.832128509136638,30.680819775154905
474,-13.831298365103027,-16.12543103380781,33.95642166614877
475,-14.300860288367849,-15.187830596293638,35.442466024444215
476,-14.393041474662052,-14.709654513762667,36.27122560007986
477,-14.430595679598138,-12.842121387054453,37.32937311818755
478,-14.257249285831406,-13.09297185340566,38.600091178547444
479,-14.172066215641452,-10.096686512455369,40.09293952470157
480,-13.809242178765707,-8.108343806386621,40.91835245214999
481,-12.934553090424519,-4.472390526402786,40.9595109889512
482,-12.508983868037172,-4.001488746403089,40.42218082816741
483,-11.18898392555139,-2.6126630330130505,39.96898488625531
484,-10.283111542631813,-1.3608628031315961,39.786015845288105
485,-8.945756278316484,-1.3258069427326284,38.875861366998876
486,-8.166731281265315,-0.429923605245201,37.5342028584871
487,-6.284619278977359,0.6801672074141912,35.83780113755959
488,-4.814375152889984,1.654892628221206,35.0301500187282
489,-4.289263085131862,1.8811200865062616,34.34189116012576
490,-3.796874931255787,2.336326484795056,33.50748114965538
491,-3.493652761102095,2.8896147462618536,33.200720103899876
492,-3.10859987620769,3.049036472894558,31.86923492552779
493,-3.0204151362947687,3.2173055427256356,30.59243434114671
494,-3.7591901402781365,3.2882150737559064,30.95381816095935
495,-4.741936622733539,3.3326309093544686,30.76114898513733
496,-2.4716051140228834,3.4907929609357637,29.482096052508464
497,-1.9085093226273906,3.4924929064274686,28.382270824418594
498,-0.9701244280691204,3.45742227344971,26.903331550186135
499,-0.43795323682979503,3.355992571845459,25.934639010519103
500,-0.2457602892283701,3.3139411595538526,25.50794429165642
501,0.2442453165005912,3.2615979885998883,24.625006855975215
502,0.1553725324333971,3.2549846618914557,24.248296322785208
503,0.5015628174080407,3.241598394681614,23.26410597236459
504,0.6112545884551106,3.2386974334996443,22.862418624672337
505,0.7737968823116499,3.2380697171549646,22.732214908098403
506,0.8308255051532644,3.24384104838203,22.49746234602137
507,1.0739226080024111,3.2528566386184274,21.628336875328323
508,1.3912838554909457,3.2615925381166213,21.025564176259525
509,1.5872178491872562,3.3534805104331658,20.76099968833648
510,1.7335780445947955,3.46149492532281,20.150114462713436
511,1.8634597805318103,3.4975874042571253,20.509776508732646
512,2.1737845883798035,3.5785442233516433,19.620681130732567
513,2.415213318879921,3.57293173667575,19.180138920034935
514,2.5712365264941077,3.81191339201001,19.14065694295212
515,2.6049417365204515,4.016747054944767,18.946442397670744
516,2.9166396527518654,4.142807676514569,18.10761250804387
517,2.9983695319757415,4.43036019820814,16.93804426490211
518,3.0553213481051755,4.58528255657328,16.9259843439324
519,3.2773839961735476,4.841945973863418,16.347101810852095
520,3.4814510917121444,5.197811213406432,15.996217756442428
521,3.8197549593007882,5.702123574760221,15.732248096839047
522,4.033454689104426,5.641011754321469,15.880079745909152
523,4.372048308132876,5.776031108900661,15.555644592029248
524,4.648971671207623,5.674939250340343,15.185521369868324
525,4.589395655150199,6.168873353629994,15.071982405524267
526,4.743509489602603,6.538897410147984,14.9584972405501
527,4.996706368005742,7.199783126284456,14.85758143685485
528,5.260414724568421,7.660824362869071,14.768996606022943
529,5.28634203780282,8.056712672767903,14.778610591389352
530,5.696182654475166,9.029795210049054,14.80297375567847
531,6.039322307292186,10.186959384575093,14.925571258635433
532,6.415055305697726,11.003583631533642,14.994433572727967
533,6.775597572052463,13.19097992142307,15.235394784376028
534,8.417219935670001,12.674451695690177,16.27124934713268
535,8.720781371442348,13.998662529317416,17.213198622178602
536,8.862573117696588,15.906244515093515,17.945382932888155
537,8.47635570556868,16.122926742321948,18.767123164049938
538,9.137744465523111,17.289210429915407,19.188446501989926
539,10.20479295871193,18.00346332147937,19.36890725546111
540,9.907722100967513,18.515805681441933,21.11314537178974
541,9.265174683125519,19.828166245835334,22.367740830926174
542,10.781440779235192,19.93719879819651,24.53027184306013
543,11.373386814678081,20.14174347204847,25.658847554036612
544,12.234242884789342,20.12957461122752,23.842394036336607
545,13.096188976483736,20.37868233060851,20.902684371689013
546,14.050431677283935,20.04636453250548,22.618649145612636
547,14.481286377367391,20.68392428524682,26.9720036465659
548,15.136109355397572,20.63928524155268,25.141078846922948
549,16.254034065560134,20.74161540632041,26.09724988297215
550,17.338789362723215,20.899143536270813,33.823223746294644
551,17.785700529305817,19.988211867259032,39.558311870939335
552,17.586228296438094,18.809478985064327,43.746275670032325
553,17.82223409505707,14.713679215743895,42.97559270907804
554,17.61933208032491,11.252344106164,44.55357622707063
555,17.585326125377684,8.666422357288067,45.23732669628449
556,16.76437033999423,6.81920846183972,45.68907693830586
557,16.817738067928055,1.7790837287132089,45.67606578291166
558,15.112819213730067,-3.813310793693499,45.205329060584205
559,15.196248271470488,-9.237464367673049,44.00527049254799
560,12.416584423319113,-12.933394546473805,42.74892854957278
561,11.934737881730042,-11.257678101587098,39.62677260264725
562,9.458851708914672,-12.888766163709668,37.08708454026495
563,6.932252290132,-15.079727390670433,33.74862094637851
564,4.574893417106363,-15.223785516068252,35.64757328499258
565,2.148644305976909,-15.433131726521028,34.00646961137805
566,0.8751738486565479,-15.414979141091088,32.27919320972214
567,-0.3261689592995263,-15.316219949978603,31.438303073285358
568,-4.909425857324505,-15.162842700856213,30.543225899057685
569,-5.641296107954375,-14.936276599472098,30.554361241832357
570,-6.967472279955273,-14.429915270858015,30.55235510323847
571,-7.185766406182446,-14.388596825367374,30.819440321431433
572,-8.570737735018302,-14.219000425045126,31.025446795489962
573,-9.795228795181465,-13.047991419876839,31.322936381263823
574,-10.20557525699211,-12.604585961429644,31.417672146792697
575,-10.442894165116376,-12.009672377998315,32.43907097583334
576,-10.350525346057282,-11.968829504342207,32.76270699093245
577,-10.530685658794456,-10.601823448967867,33.11511548851175
578,-10.534443872157235,-9.839497187145245,33.414901224103026
579,-10.456917386366252,-11.57776663369303,33.449913799002644
580,-10.748062374455534,-11.324349583390237,33.84640067570706
581,-10.850109901083322,-10.619867843918255,34.19062072596716
582,-10.809510053856664,-9.756246746301391,34.27772021356891
583,-10.76506696399457,-8.199913866223222,34.27352441523586
584,-10.507998070242635,-7.081346982663239,34.246803791923405
585,-9.864291744634304,-7.215498089130347,34.14660781702384
586,-10.158492548419165,-6.061263656850984,34.004783790719365
587,-9.447511319257536,-4.794995287577562,33.45969165815801
588,-8.772703292233826,-4.351379903518999,33.07553292466742
589,-8.433950768295132,-3.9604554296742576,31.932151478336273
590,-7.737146735293322,-3.427311865259065,31.265787665016145
591,-7.1131770923479625,-3.2012165283970195,30.720439449723333
592,-6.651160585336989,-2.936569482974063,29.88604713187525
593,-6.26409784800941,-2.5094353149543025,28.37488838614764
594,-6.091059742062533,-2.4427960859097952,27.244815520793033
595,-5.970099079499791,-2.448406949660999,26.705870096496664
596,-5.720739154418583,-2.4385038278719877,25.954164899661272
597,-5.160648278668367,-2.3189729905060106,25.98728019807633
598,-4.705378406160694,-2.413519549941891,24.919896519911546
599,-4.450456550771177,-2.4317493912918886,24.408588995238905
600,-4.3438688028200385,-2.5971716204967823,23.689230114222646
601,-4.151075965731382,-2.8070429961876444,23.368553860489328
602,-4.037362818107628,-2.9689245107953526,22.746565203412544
603,-3.9266407352446846,-3.1352477290861804,22.708891027799947
604,-3.840189515773087,-3.1956687558402983,22.79056289536806
605,-3.7939365605596205,-3.2102346760834073,22.509824594239856
606,-3.7449600930545253,-3.4723276476703533,21.68690008791419
607,-3.751688219836838,-3.4336171617944387,21.970018955731657
608,-3.7124845420451646,-3.54413757957544,21.472738087762526
609,-3.671032451082373,-3.7970443504929943,20.936852277199158
610,-3.682089468496061,-4.048940601572843,20.49405126198236
611,-3.7209335698877517,-4.25289738665599,19.323794078851016
612,-3.735791906595296,-4.264034445545927,19.62544368117278
613,-3.778342417977837,-4.6602872197950935,19.238267585057667
614,-3.840337443233071,-4.940877505958902,18.711445401163957
615,-3.973562777938244,-5.31718645459124,18.152381134195736
616,-4.004339760534431,-5.671273661115878,17.855223370961216
617,-4.1455692922812615,-6.367547281492981,17.650458757965016
618,-4.401008701172423,-7.128576192601468,17.609093128211978
619,-4.525675106924203,-7.6923527111257135,17.538657378954156
620,-5.063747195714596,-7.955170572216173,17.357045475177852
621,-5.320928302016177,-8.943090507178578,17.300812515705477
622,-6.32837415046931,-9.34870262121212,17.312256105629416
623,-6.568393351716157,-9.988247558394331,17.44560114400238
624,-7.408862675310104,-11.9766613719194,17.596102256350072
625,-7.707449852056343,-12.76219988229082,18.26500076221651
626,-8.218544974641178,-13.318304005298833,18.791749008340894
627,-9.69852872124558,-14.267413191164973,19.679268925552076
628,-9.805532883350502,-15.648783939605483,19.91320668966314
629,-10.674626235125068,-16.247779437836577,20.823863742586738
630,-11.856594161089836,-16.79230450697046,22.786485811423795
631,-12.887702567214689,-15.981200201809342,24.38395291334881
632,-12.986513102159206,-16.345826497848464,26.390153095610398
633,-13.388775582255532,-16.301707346301562,26.847579507854412
634,-13.746297517505836,-16.291728853416693,27.460817425613286
635,-13.732776257193564,-16.219867457709988,30.446469437183083
636,-13.875297851602935,-15.413443153148304,32.8031577128677
637,-13.99767070366045,-15.23742296377263,35.1414143836754
638,-13.881890747968685,-13.01591273714918,36.18437194065808
639,-13.710054166890941,-11.20725473370819,36.90187416731831
640,-13.55512795570913,-10.459629505360498,38.23750491352408
641,-13.135061280931621,-8.479869644346078,38.55832513774901
642,-12.558257807154991,-6.396130804438396,38.7234033880124
643,-11.710754609323205,-6.047077214254017,38.107318500646
644,-11.250313396627504,-2.822741729197451,37.869167495483175
645,-10.299731555003811,-1.3401265561020685,37.25880994772619
646,-9.349914856080746,-0.19252932155825442,36.49446196901162
647,-8.23747165622826,0.29376793278429403,35.00525199049969
648,-7.398993727689383,0.9180914568135318,34.21250995527526
649,-7.627216638788689,1.3873775994724173,33.17144286703843
650,-6.7763779062400005,1.764667114384514,32.44821854312461
651,-5.500074553931381,1.9394877027869164,31.555385132529672
652,-4.331342250816053,2.076638370342607,30.625457660830012
653,-3.7862497419311074,2.0228320277556633,30.159314394648455
654,-3.114127605170131,2.2311244239748573,29.226334655705102
655,-2.9337040530513954,2.242233270500111,29.075376529379163
656,-2.5809275356670263,2.251552120728437,28.045640862966412
657,-2.067267368922082,2.223004727215746,27.0566319694924
658,-2.6459808198873076,2.2296500348278654,25.654571345073048
659,-2.6534404841664814,2.2064521492395057,24.40603743480458
660,-2.983779351745781,1.9716887419037028,23.802110422040275
661,-2.1347272585803623,1.8634185317122098,23.12958486603269
662,-1.4319371988119551,1.747015477040679,23.011375058929787
663,-1.1936703864841574,1.6294252941766836,24.255040793600877
664,-1.0676050047496182,1.5683157584404224,23.161877042112636
665,-0.8374915113967512,1.5144325773845373,21.776891187668898
666,-0.3601219556540096,1.429045391386184,21.138618695411104
667,-0.06799399877116696,1.391264768552593,20.35252010681856
668,0.042265246969266854,1.3582538223111735,19.800769617674284
669,-0.08874232447808446,1.35261527428701,19.311188581281627
670,-0.07866824361261708,1.3180383328532916,19.140184572316787
671,-0.15000496352292764,1.3111652032503414,18.48029774868836
672,-0.020838801780280247,1.2989161229882416,18.632890859570903
673,0.04794645632055215,1.2850474935783718,18.64011831406423
674,0.19482254681421113,1.2707355002636715,17.9446724599278
675,0.3226991666219854,1.2764010310841287,17.847167940755234
676,0.36716303345916274,1.3000958404002665,18.595598335905283
677,0.48453818095291373,1.3033232104137134,18.14624470862022
678,0.468045488051307,1.343043389475595,17.73994314728589
679,0.5486530908716449,1.3951392627952492,17.40889516623144
680,0.6620569846102918,1.432359931256719,16.312889784209155
681,0.7408898951079796,1.50237689691073,16.160806433026956
682,0.8655456896940052,1.5710980346571655,15.416184276992654
683,0.9591318971639518,1.7292069657705182,13.197148688752584
684,1.0965049504651612,1.6676552942185556,12.950140135564093
685,1.1707310643362845,1.7047175525818978,12.63852270744079
686,1.2323977393405559,1.8253332445460029,11.86772579542975
687,1.3026653731244413,2.085528971512501,11.732212828507482
688,1.3864819736710503,2.209719172723036,11.592516471232654
689,1.5639563254093376,2.4157930238358594,11.406277536389263
690,1.6506314380535563,2.549267501401845,10.999876781311348
691,1.7333890982761053,2.8177188340773762,10.800477931886224
692,1.825712296995777,3.1380308380550384,10.47409894646722
693,1.9492750758638078,3.348584954238623,9.780579791179647
694,2.139892154866607,3.9591821057487246,9.205336235027572
695,2.48112925683887,4.221796223123223,9.10639496324443
696,2.8252914870491552,4.757459614899638,8.880232525907402
697,3.424380843056825,5.336255967526057,8.935353628942915
698,3.5726073415751625,5.893064727011959,8.881219468529718
699,3.842014126750455,6.350669491573303,8.882530449157287
700,4.077897042429439,8.387241182207251,8.888661936514444
701,4.622786476830957,9.096736843962198,9.049500560102498
702,5.150782824170207,9.544451475278454,9.290842524025821
703,5.646683094388763,10.432237681066331,9.488172855285061
704,6.261922105195564,12.438344733133306,9.623600919173429
705,7.477326438346016,13.313796782681925,10.408881947986503
706,8.06661354151139,13.517360482120548,10.281166318845763
707,8.850904263532392,15.723357720266092,11.550924818600059
708,9.578825664626303,17.566637992042196,12.815473804162
709,10.852406817549726,16.962444596496685,14.14986460538529
710,11.492282344834686,18.67547641629504,14.54378994000143
711,11.919668198247114,20.590096886293697,19.263967025324128
712,12.688312457867202,20.73205325678153,21.55061971997212
713,13.550569555846373,21.403916090657777,24.411269385648563
714,13.6746759787781,21.360454519367497,26.49315278139715
715,14.549525656520787,21.346014601164864,28.34004150960433
716,14.983905967067189,20.465788881550335,32.69700562617164
717,16.100044533479068,19.648997895962783,33.34299328576535
718,16.26571010128312,19.23287007182568,36.38050092997139
719,16.834315834533847,16.798117121550668,39.15239307346816
720,16.833632127942515,15.72308712527811,40.915202241074
721,16.722705721526534,11.13041376625129,42.13248346241427
722,15.946824162617263,9.755267896959948,43.145953969114395
723,15.38732673708764,7.796314937567927,43.592740709348945
724,14.421269934600423,3.3127915155514964,43.609876851285264
725,13.32606733124024,1.6602296120400966,42.00818425843406
726,12.266266332980994,0.0700333811041165,41.53599068195437
727,10.282733544806728,-2.0163594615784,40.26408266399073
728,9.328067681777343,-4.63534105738458,38.806975652347084
729,10.173988685581508,-5.533654368769909,38.20008101907988
730,8.753077722965923,-6.646982487100543,36.37812240297116
731,5.93792894100169,-7.647274820030076,35.442468724984664
732,5.976707186742699,-8.252982641933773,34.01314790101688
733,5.607318796676038,-8.67807707774177,35.28346646580929
734,3.818472771894216,-8.698305873370632,35.04132480244058
735,2.4830435255923167,-8.654293421301931,34.04651010690597
736,2.374606979861207,-8.86113687581798,31.921493354099233
737,1.1497827380601817,-8.867701797484102,31.673377344325793
738,0.2961105291038547,-8.827840545394837,30.214020554780557
739,0.903274463644848,-8.720541519431944,30.59261329117017
740,-1.1724099006570325,-8.746508815264521,29.77058169540056
741,-2.7600370757456214,-8.55989243172082,29.142548048032463
742,-3.6949572413135647,-8.429432095337274,28.080329859917867
743,-3.7527555518436975,-8.398019418107465,27.905698808377107
744,-4.74420926033266,-8.333024502125637,27.472718708006923
745,-5.166791807127818,-8.273421778428043,27.66521949009939
746,-5.152645350747937,-8.091826550165251,27.606481559959143
747,-5.437506121357653,-8.063714092873653,27.742890100180507
748,-5.985653024807299,-8.004747436872762,27.114908565321997
749,-5.864655816996406,-8.012047857145062,26.755618850624646
750,-6.1683849613508475,-8.021020899386354,26.509715581530013
751,-6.10739914211046,-8.052762503344086,26.201231517441588
752,-6.543400611326809,-8.052371128748208,25.84306378117702
753,-6.7246864637483945,-7.986637163431222,25.683153143722244
754,-6.752055908383313,-8.022191550264802,25.599368004762336
755,-6.9112932970574965,-7.848502300383996,25.46949926376564
756,-6.936428184555139,-7.9721903718819345,25.26246992290496
757,-7.247078898060004,-8.076585046431804,25.04924661692582
758,-7.392187252656983,-8.127703505744376,24.954261605154123
759,-7.384291444830752,-8.287557176885578,24.881228235246407
760,-7.4716002368027565,-8.399958781290165,24.84093909507983
761,-7.582934047252359,-8.61398356493506,24.797158719786122
762,-7.706983195714653,-8.822747489464144,24.794842780670873
763,-7.803139663167183,-8.947332607595701,24.819173825945153
764,-7.856601406698921,-9.325270733246994,24.84837860026825
765,-7.85881741104073,-9.502914485266732,24.91619310434721
766,-8.090229506808791,-9.691863791658454,25.003361655829227
767,-8.253689939337692,-9.867118717046004,25.08613993241667
768,-8.653723405295352,-9.954921990288575,25.49040496918746
769,-8.776348031549519,-10.121522312346274,25.542787904082182
770,-8.87145631733059,-10.380996853371371,25.778372702437743
771,-8.95809894534008,-10.473794478743494,25.959489657629373
772,-9.142824277260573,-10.52320268248667,26.16431964093503
773,-9.238273367535008,-10.455326701227376,26.32551233984052
774,-9.37176409759071,-10.4685488448068,26.546979953904767
775,-9.367705928070052,-10.531476494703275,26.841352712582403
776,-9.478281039680791,-10.543467493692315,26.886922609467845
777,-9.620674155844771,-10.54347980519813,27.01696552470106
778,-9.773145428340781,-10.545356601978938,27.285738446019202
779,-9.881965911987487,-10.489747562676907,27.541389212589344
780,-9.860686639710892,-10.409718466020715,27.84785381135834
781,-9.840811706230566,-10.282597156439016,28.13132452655307
782,-9.897150048978496,-10.174677964553254,28.348803814592177
783,-9.94834944658784,-10.216713052817642,28.497397699541086
784,-9.986107983840649,-10.001636672320547,28.645123689387464
785,-9.98739542911105,-9.926004882447405,28.97419766413259
786,-9.981246803956102,-9.684367982556086,29.057328884754202
787,-9.945762373893393,-9.75751114662196,29.192962925956003
788,-9.923582874357946,-9.159334503986527,29.19904126312839
789,-9.796219552564123,-9.132712721910893,29.354045975456923
790,-9.813446367496464,-8.847311219959535,29.518200348539185
791,-9.823097165502823,-8.033037708672493,29.603963673117295
792,-9.629618764809324,-7.594013935834735,29.603578390226485
793,-9.462033407479156,-7.308576468212406,29.500174006811474
794,-9.26005630349711,-7.202115938791182,29.497602700094436
795,-8.903214823678766,-6.984351209404699,29.46873850440493
796,-8.635227750552426,-6.899222602690088,29.169647813697445
797,-8.40934190929479,-6.666693626394686,29.104338920930875
798,-8.111389433589405,-6.309901331785037,28.833199404419204
799,-7.908562658298476,-6.255515893253904,28.404825554993693
800,-7.767648900487038,-6.1323772011897795,28.24885373794402
801,-7.592764349153213,-6.049486553111675,28.295084371265553
802,-7.436665127940219,-5.974227879956297,28.391258419351402
803,-7.198654101877034,-5.901093546330344,27.98808637086434
804,-7.052041950071457,-5.854514494520524,27.684290197638546
805,-6.979612550580521,-5.857228382318763,27.695196153482
806,-6.857757308541428,-5.8065739910551954,27.497077289507843
807,-6.69853624993497,-5.783727434317858,27.181336799011206
808,-6.572849754663296,-5.78611449799286,26.931758135129506
809,-6.479926904310927,-5.785917409366577,26.981825981517503
810,-6.407048948523167,-5.788449073006199,26.4586720732813
811,-6.3408366503880185,-5.831030363221519,26.141642998019446
812,-6.286762279672062,-5.891275128516632,25.935475670025607
813,-6.284775580966549,-5.946507307239111,25.620948723928965
814,-6.255683731520395,-6.010352770903982,25.658421399803473
815,-6.23865866682806,-6.162292820081622,25.353298882430156
816,-6.23126709335915,-6.2655500884337805,25.109337405235838
817,-6.234736113167219,-6.470937814346089,24.95693473819115
818,-6.265646633754783,-6.54561160874451,24.324713011969486
819,-6.30175889268553,-6.614897030708123,24.11430012455959
820,-6.308893892018205,-6.75748033717353,23.86363828905669
821,-6.347538418223674,-6.952449593405844,23.383073469346897
822,-6.579299559864624,-7.301699565554282,23.154279580684886
823,-6.673035661296551,-7.605973305480697,23.04420551680904
824,-6.768204512063127,-8.106357833034899,22.963350414881116
825,-7.1316352136481855,-8.900659259954686,22.925283772045635
826,-7.225970935100445,-9.244672740156464,22.972025246800417
827,-7.6363816733268415,-8.95042633451774,23.151848517766336
828,-7.9690803517356565,-9.092147380614026,23.254350739824638
829,-8.18620481758618,-9.369213726657353,23.28548545631656
830,-8.313279973555208,-9.650449699755224,23.0595551547937
831,-8.335193607952625,-10.167423384889815,23.355583451103513
832,-8.521123779211687,-11.093013409525826,23.476046177152703
833,-8.836802732636276,-11.603821095255352,24.289139779262708
834,-9.082899082761429,-11.829274964945013,24.63015246387347
835,-9.596179506854465,-12.14091860666269,25.48037926002402
836,-10.258460556266591,-12.30005957129305,26.482224220379038
837,-10.393783907324767,-12.348168313129671,26.28889224654366
838,-10.81272899399288,-12.400838536673607,26.867493860817095
839,-10.770428083445614,-12.398723391169145,27.355889326825185
840,-11.090418090863606,-12.37197223887287,28.005135634263745
841,-11.122516403343376,-12.176318616436642,29.15605616587186
842,-11.118942257622352,-11.782351586942994,29.434842593794162
843,-11.150102373718413,-11.3303306774799,30.187265233273077
844,-11.199644921307602,-11.042707765477905,30.79802613091973
845,-11.180523476716855,-10.723752068415811,31.605632588508186
846,-11.15146583239297,-10.058282456562747,32.32703139310897
847,-11.095889165913922,-9.066792703867893,32.50239067413017
848,-11.045688311317543,-8.481790384648443,32.746275885956756
849,-11.04359095717696,-8.151405838460887,32.811486474125466
850,-10.72526840961643,-7.943111695100094,32.840094842579084
851,-10.415748054664453,-6.9134788795024384,32.81068683939306
852,-9.550217184177335,-6.632260817924889,32.66863265898147
853,-9.18288398578048,-5.923003209073224,32.42568762194598
854,-9.694547856846013,-5.455133168846358,31.898799616226345
855,-9.302326817802797,-4.7601528085221645,31.64164525389381
856,-8.83507045325866,-4.168931865265532,31.137763859981153
857,-8.306740261299499,-3.6871700738632742,31.53059147227039
858,-7.7734263696541985,-3.4653888791546743,31.07207222912661
859,-6.9289645843236105,-3.0899205251975532,30.254660650268985
860,-6.155530902326348,-3.039284450353948,28.72718368368241
861,-5.439811250005057,-2.8496532366782046,28.04669430542697
862,-6.262649726726137,-2.8189921603089365,27.300842602394678
863,-5.415450596115039,-2.8421543393302566,27.241225663142064
864,-5.067902984213667,-2.855586608385963,26.58108915170437
865,-4.8703479403366785,-2.8570843277594133,26.291295863362638
866,-4.786773330744299,-2.880787512245549,25.704435561635727
867,-4.893332812286588,-3.012374407052554,24.902576960647277
868,-4.986028958831264,-3.0689381402379814,25.81205703214461
869,-4.90351891468808,-3.0825711134896494,24.833149324581633
870,-4.386819173140353,-3.220828114652879,25.322821572199175
871,-4.271303266914562,-3.1712817287513007,24.86278653328986
872,-4.191064818845891,-3.1793462601199702,24.144513515160202
873,-3.983044950065849,-3.202236861792354,23.583205317104078
874,-3.9487211218981155,-3.273716001645195,23.037172015264897
875,-3.88560554355255,-3.620914661519166,22.434539838625142
876,-3.842842301965892,-3.810489061865164,21.70662548117789
877,-3.8356140376425003,-4.086408707352608,21.332590081404657
878,-3.8230604094643574,-4.246745688390516,20.890612742656923
879,-3.8298073922549487,-4.391914294073955,20.447719598416363
880,-3.864419214166597,-4.754167895651877,20.46614806876792
881,-3.9416358421164324,-4.922433648064499,20.358228612054294
882,-3.9679289158078683,-5.033831787208524,19.675435344917613
883,-4.159551871125179,-5.227146878789659,19.245493396443127
884,-4.247311591795897,-5.3833556377619,18.90152590214592
885,-4.2507896407046735,-5.6604007746351614,18.620692938212045
886,-4.355829250348945,-6.030921645965962,18.297136475640414
887,-4.575542750578666,-6.5369166814141915,18.141358438697733
888,-4.690971685303301,-6.634512355353969,17.89445893435142
889,-4.849981758879543,-7.1181042119686335,17.741475757642693
890,-4.930732083511143,-8.321395917464509,17.433373492687963
891,-5.186249763152262,-9.550218069375667,17.384248599574573
892,-5.889500961351455,-9.928713940093678,17.40739225033817
893,-6.510495148093566,-9.489696529380566,17.469044572777694
894,-6.786917017619772,-10.23697561294537,17.503506543866926
895,-7.1373953226074605,-10.00240023689618,17.614634964752717
896,-7.190924388139483,-10.882460711492483,17.955915651531793
897,-7.947179613861065,-13.261094080134907,17.76583101754842
898,-8.312225433376542,-13.660180604566763,18.268778411123975
899,-9.348279343169033,-14.605819232284146,18.88337960980111
900,-9.839553655825611,-14.926282206738138,20.151806382788376
901,-10.29754539322889,-15.82885309219293,19.563825552266422
902,-10.71011462709131,-16.325682811428475,19.64413112073527
903,-10.364798055583528,-17.012976846687284,21.19229373649567
904,-10.56211199355003,-17.673820969107975,21.39892164000229
905,-11.19053156960301,-17.929703726981405,23.95565443188292
906,-12.046819395147924,-17.89328579006611,25.17180823049487
907,-12.191142759147658,-18.016702223590602,25.69565616082085
908,-13.157640217666215,-18.100799961591463,28.590774492005476
909,-13.030183541217093,-17.891603062628036,30.69879633239677
910,-13.526512072824689,-16.51729392341705,30.51749935195308
911,-13.580862943176628,-16.030841020708,34.01520095588935
912,-14.12610217374745,-15.321034006714028,35.35691632171606
913,-14.132962603737125,-13.98033425484786,35.42305297052351
914,-14.137304744695415,-13.640249416788043,34.3110750122739
915,-14.02878229751101,-12.382576228187837,35.0908771810462
916,-13.84633881392796,-11.93438469469107,36.27045796983369
917,-13.781147871320771,-11.125322462939646,37.18498005502095
918,-13.608914025979972,-8.5254214823812,37.811720366839396
919,-12.393949190171135,-4.822968862063954,37.91554708444876
920,-12.008440600817867,-4.952344515059472,37.392905822265206
921,-11.433725728215588,-3.0471766885593605,37.19584345314203
922,-10.019860650750843,-2.9752940219808672,36.321348781119696
923,-8.4469401899036,-2.614213542799773,35.756424981619354
924,-7.390144041705908,-1.4492065373281464,35.13390581434984
925,-6.382880058829302,-1.1726380192422305,34.452468272143655
926,-7.350353555953178,-0.6965940350482498,33.74327881584565
927,-6.427380944592875,-0.2165661518599583,32.93370586517359
928,-4.632369209607767,0.18448840993401444,34.91964878232454
929,-3.4198717367702827,0.6442513889608477,33.44272730446962
930,-2.9632211048824537,0.8471588962365417,31.943567894212293
931,-2.596669242769055,0.8161532066804439,32.676187698408675
932,-1.9434399067964812,0.9240859670903531,31.584255086877366
933,-1.712219798747039,1.0502801429526425,29.83691576703935
934,-1.0738960887044509,1.0532807884470878,29.14182730987805
935,-0.899501547345404,1.0547035194724452,28.52821513111028
936,-0.6461423518277796,1.0542051304575084,27.608638666394768
937,-0.4968608188852559,1.0376964669367987,26.162914572885757
938,-0.2812244158417406,1.0011837983933514,26.303664034532943
939,-0.09196810361029467,0.9835834611321973,25.22718405881669
940,0.04679703036930785,0.978513125451022,24.83118003452105
941,0.017595578296847082,0.9595171310854353,23.575422782434824
942,0.03730456425157544,0.9684734480788871,22.933777500467485
943,0.10820232531344674,0.960490763035462,22.069985566241456
944,0.16863046109498486,0.9594781100324176,22.01551469826708
945,0.22559441286548226,0.9597949760291795,21.40107401067024
946,0.3229005549381092,0.9636583382927565,20.868519570685894
947,0.3472280694622974,0.9762333394845718,20.56872047108673
948,0.4434395234456159,0.9885477601949636,19.988684935004372
949,0.4953857987604797,1.0394340259228783,19.660205551673002
950,0.5722046102764329,1.0586190575664203,19.188600044089057
951,0.6084313890313021,1.098295450845173,18.958019948990277
952,0.6481129780226246,1.1819635049976558,18.1987762609156
953,0.6804066687135121,1.1833703254554024,17.493248453715577
954,0.7519328291820705,1.222527249006171,16.687966053737
955,0.8188298378851049,1.2736874038645272,16.07061000011478
956,0.8653652808411036,1.483976656859709,15.76349163181512
957,0.9609744742385762,1.535083799359713,14.988085024224702
958,1.02207986080047,1.538696116685553,14.394228959835317
959,1.11254149692699,1.5782474636413402,14.258771885517902
960,1.179910981322289,1.7301995511261605,13.903046183847948
961,1.1424549847623648,1.899989739334281,13.418408742457197
962,1.1823788893384308,1.9264774265055031,13.109857288700418
963,1.187709539464508,2.0838450867147147,12.83195226416643
964,1.2616615956862924,2.44912621735584,11.88765602327698
965,1.378932874854048,2.5953636991447206,11.63453694750967
966,1.5284970925438375,3.320047382836879,11.592652636654575
967,1.684652967212415,3.655203507163066,11.721978419772263
968,1.9010295248570865,3.9778174819449994,11.139512417201669
969,2.2617564124139737,4.441347950964737,10.9641870938396
970,3.081325580790937,4.439962505033062,10.728750232052622
971,3.3134748716586993,4.745541037382894,10.433096100598293
972,3.519820377329677,5.089867035014187,10.259743522145605
973,3.896836996171474,5.705144351769481,10.13079157065829
974,4.001487949969495,6.719282827779777,10.140487613376184
975,4.288880851742057,7.001679842668732,10.139193582068096
976,4.337230071285708,7.6048029816974,10.187913361213237
977,4.77958459370305,7.879457661696318,10.21175684744957
978,4.949833472111869,8.039968220769428,10.131061014463851
979,5.013202748241985,8.069646166282828,10.224090812033129
980,4.956946721599719,8.020058590885016,10.24699284194216
981,5.195764132815843,9.216078555987734,10.433336595107683
982,5.811574018291989,10.401602544080037,10.707961039804369
983,6.2286645705934465,10.955529455421386,11.06094492881473
984,6.4037748311083185,11.190037792533596,11.775421257805133
985,6.745668776501901,11.958397254939362,11.87717289756814
986,7.535474343605647,13.862855026433795,12.406957192958314
987,8.252036712514327,16.981847732264534,13.181547000914623
988,8.84300642900643,18.38226987768843,13.990363222125584
989,9.568675780134885,19.421777291279593,14.600672790904046
990,10.713557484497247,19.911728668078304,18.529342299053354
991,11.633086645872028,20.8672320811217,19.990986927219318
992,9.999914998548766,21.47253820131093,22.72965115256439
993,11.59678819140796,21.924378449667284,24.593618958229694
994,12.60648290734195,22.051046895777695,25.86386270981887
995,12.6007771132412,22.096114113199583,29.422807470349458
996,13.866189976977354,21.95735379881958,29.605092494438352
997,14.609212776973102,21.340024803718595,32.13948403295238
998,14.988770177734054,20.585967022811353,34.81850117844154
999,15.618965170753125,20.361566121504588,37.786154655588994
1000,15.985573637775973,19.67082800661879,39.03569347507212
1001,17.602147147530776,18.940781380800193,40.42672843506545
1002,17.719259975517193,15.500909922750568,44.721833211859604
1003,17.520486788216417,13.34209360543735,44.977995521523255
1004,16.892045654475176,13.925562068315346,45.825421990345305
1005,16.87714039324583,11.54772745733944,46.995451414337445
1006,16.94235355719251,9.442444814718991,47.37294820831458
1007,16.009207393275418,5.4637001426619225,47.842640714474236
1008,16.78397976658329,0.7574859579193056,47.39768781938646
1009,12.63987321892204,-2.3825688813829284,46.187483470261704
1010,10.581180703212517,-4.754709770873984,44.820121443861844
1011,8.750308063964404,-6.567210212987215,42.85837930082605
1012,6.23378989965464,-8.855378989175755,41.29158635251888
1013,6.19912011836622,-10.035151865073477,39.50781983903121
1014,0.8549917033676335,-10.800429946347217,37.855045934594095
1015,-0.05604014280859193,-10.755845060542942,37.07533059125505
1016,-1.0583424257376768,-10.240891272706358,36.400491542408915
1017,-1.9455211572158957,-10.20697575686731,35.11160558613889
1018,-2.888989224436482,-9.964233235266844,33.58682318229476
1019,-4.579670425733984,-9.721522140596935,33.02920047881479
1020,-5.162730621104192,-9.810579598922656,32.59007719136175
1021,-5.882671071367057,-9.388918066614018,31.85925617327219
1022,-6.4207382188782605,-8.680590538011487,31.143041417425064
1023,-6.581738847472594,-8.456456881006336,30.752326922541794
1024,-6.654830125232472,-8.125884096713484,30.505280570612197
1025,-6.80168605151987,-8.000429567545998,30.094548497822526
1026,-6.88818594275405,-7.593965359520084,29.66166914843654
1027,-6.964482507169587,-7.229116245567327,29.435241384633823
1028,-7.01615418207051,-7.0448349594339295,28.930328607107448
1029,-7.020212233513617,-6.655208264451255,28.653610595449067
1030,-6.88591169660177,-6.894863447552499,28.648567450386246
1031,-6.88485536767649,-6.829935410828944,27.94351099927714
1032,-6.874192674271903,-6.949880004086951,27.56514717119076
1033,-6.88306142237338,-6.938191701699857,27.609301131699972
1034,-6.880234041106772,-6.963653048351381,27.394852024525072
1035,-6.892836673601733,-6.882124054453519,27.110824573684948
1036,-6.891437854990448,-6.866042944780531,26.954243825830904
1037,-6.888287567401343,-6.865876138392229,26.758290448173014
1038,-6.885116236934879,-6.880460147529809,26.721518322841252
1039,-6.884858041564346,-6.890572101033476,26.676103032933487
1040,-6.8852339789269985,-6.923101258872054,26.535775121982578
1041,-6.892222671070939,-7.030283687133354,26.241641859016283
1042,-6.931870261750344,-7.071070649663008,25.9735503613242
1043,-6.957464981479815,-7.088121476816851,26.02609708169778
1044,-6.973487650329299,-7.279169643712292,25.974448565036568
1045,-7.051131574532773,-7.303084987448557,25.697164861024113
1046,-7.063817100045257,-7.4375347509826994,25.907645103426802
1047,-7.080370907649314,-7.4454700392480575,25.737786329740523
1048,-7.1181820884780285,-7.570100843394793,25.553698973493244
1049,-7.207182197382007,-7.649815469943718,25.481679825756892
1050,-7.208875566828891,-7.779956722018886,25.36233679886777
1051,-7.2157237397705885,-7.949204887092341,25.228532515612613
1052,-7.311192154105065,-7.819514843542252,25.01999779772743
1053,-7.330582739756208,-8.01807524169451,25.002166840483834
1054,-7.434729294467918,-8.130808963907192,24.98761222131905
1055,-7.514563347833097,-8.156417784301947,24.806580775562004
1056,-7.623030288506243,-8.172967255999351,24.7403644492383
1057,-7.749858520156881,-8.635800941263017,24.69736498371833
1058,-7.879387036525468,-8.74507632276993,24.705951992834503
1059,-7.989405402268522,-9.005961267962528,24.728658759087605
1060,-7.98270248476475,-9.178087503868943,24.73174894010592
1061,-7.999007692289048,-9.388849987939185,24.803350720932695
1062,-7.921961142114288,-9.525455320864195,24.87779561368068
1063,-8.01140937940244,-9.559096095581095,25.00565019396665
1064,-8.068658750466863,-9.76898381821073,25.064835984595334
1065,-8.531957627872798,-9.916405836422646,25.091288876054197
1066,-8.520614672285735,-9.988244799221313,25.109396306159418
1067,-8.462347478957843,-10.21901827953282,25.264293740766725
1068,-8.67705545434643,-10.310315139209347,25.268379917370346
1069,-8.793600639242188,-10.453950461105594,25.533384853405643
1070,-8.932315391162504,-10.701421163195045,25.81737766171627
1071,-9.414758352994912,-10.700410265417649,26.248141553856957
1072,-9.541642254796505,-10.804113654627493,26.6578012798029
1073,-9.584045986380515,-10.82244496058132,27.437375154928002
1074,-9.616878230366588,-10.798219389989415,28.097207106437153
1075,-9.753496496721375,-10.646352042988655,28.40343304609517
1076,-9.720885055418378,-10.579275002088085,28.761741437823176
1077,-9.792944152759679,-10.531798670550806,28.905383838501894
1078,-9.737999078875164,-10.297195794248431,29.48895619168251
1079,-9.753867038117678,-10.107684138283101,29.864610192806346
1080,-9.798948194401683,-9.47591949057331,30.04919541060345
1081,-9.756867739786975,-9.837661065967483,30.147748650020723
1082,-9.780061411172397,-9.50289742791325,30.373350863639445
1083,-9.750904338649098,-9.397807967247534,30.484192181601838
1084,-9.738465135301247,-9.008958132665494,30.656954762109553
1085,-9.658641166223475,-9.09727520641515,30.709919132394507
1086,-9.655809362348839,-8.920090573991416,30.891475332132767
1087,-9.553723591569454,-8.269802149331397,30.927191494010206
1088,-9.38943444288658,-8.046947696615032,30.90537989053096
1089,-9.183418957880706,-7.877868247122636,30.886310555509652
1090,-9.043029058966004,-7.008925064085016,30.813884978418624
1091,-8.785705121571326,-6.493712806313493,30.437307436526776
1092,-8.65046830614293,-5.827284224111766,29.978421243946546
1093,-8.476275137788495,-5.696251989105072,29.904882644991275
1094,-8.74739890433076,-5.558228204908435,29.5280963643885
1095,-8.554259670990545,-5.1808934608503865,29.19412798276048
1096,-8.52723256824223,-5.011364003766673,28.71700847131918
1097,-8.07739375183351,-4.920590730829024,28.233698917722542
1098,-7.800521065982252,-4.7768944329783665,27.90008304443586
1099,-7.421349426786575,-4.767229268776637,27.46950491638047
1100,-7.161674227384126,-4.750020685046789,27.270621496105196
1101,-6.805886828617475,-4.755429315225747,26.610794606572664
1102,-6.603033121576443,-4.857022114912652,25.86006579896587
1103,-6.347723825909707,-4.835379210452923,25.46072719415414
1104,-6.1050591272574675,-5.035773325421316,24.954924690316425
1105,-5.975446853618507,-5.212174942830824,24.69469226689321
1106,-5.827143870998393,-5.539923507765132,23.952125845392427
1107,-5.810675750600362,-5.88287516897703,23.439933919225385
1108,-5.819858742459496,-6.116706855957796,23.00636690973709
1109,-5.844304116772552,-6.275636596157156,22.664381188391538
1110,-5.989127323849443,-6.564869437006232,22.449514788772163
1111,-6.031681517611602,-6.612749947310886,22.526065745821075
1112,-6.102731617650814,-6.304170663488479,22.133674869002288
1113,-6.155815970472289,-6.519067696391313,21.818142437223365
1114,-6.217380294238368,-6.776274663429003,21.669560757980626
1115,-6.244475205551677,-7.6263814293660985,21.649421654077656
1116,-6.393960690126424,-8.02314989279103,21.426886976757963
1117,-6.661867126135154,-8.555619198738055,21.345188981218747
1118,-6.935758550277632,-8.589812064839432,21.3459258390829
1119,-6.969619306053138,-8.812750113510319,21.355520221129233
1120,-7.201069588457632,-9.512201542251,21.332216076012067
1121,-7.4530691046662,-9.83905684135231,21.44044037010429
1122,-7.679537582274379,-10.612262490320294,21.317907203533434
1123,-8.294480868405607,-11.126447503299493,21.552864119118368
1124,-8.802169104213771,-11.477815352175698,22.014205778667485
1125,-9.1088723971896,-11.876979130980907,22.457866469633654
1126,-9.52651462063036,-12.185721304693196,23.147871687537666
1127,-10.045055322634688,-13.102002267213045,23.586792463765516
1128,-10.402235741537805,-13.544464621095788,24.245364142435232
1129,-10.889112324709362,-13.92012713359145,24.487503045278736
1130,-11.225091197436766,-14.28391130626162,25.88702631104276
1131,-11.66842829655518,-14.339373400474427,26.166405358222182
1132,-11.611098058903835,-14.420630756871772,27.383235592089232
1133,-11.666167447416123,-14.270870372197777,28.767643075716506
1134,-12.548286682492725,-14.247675593261565,29.698841049964656
1135,-12.625053729159806,-13.893793003965994,28.28652506918398
1136,-12.817849545446505,-13.737878080097413,29.236330673008784
1137,-13.063670223819154,-13.463033871668818,29.17925758872231
1138,-13.127677381129702,-13.433443234229149,30.003426826133648
1139,-13.158308017307075,-13.000281446245566,30.78426301307892
1140,-13.109219947330734,-12.007925950824308,32.03435862308484
1141,-12.852969095530334,-11.23738385640334,33.82206365571972
1142,-12.469117253215789,-10.081507455662173,34.39114817035194
1143,-12.70501233231224,-8.772179332445294,34.27703458904669
1144,-12.374709288747589,-8.256440850330122,34.28137348342508
1145,-11.954161217896013,-7.194835346721131,34.3275833777456
1146,-11.45092363985829,-6.31169399125177,34.13508147050625
1147,-10.968743891615942,-6.3076084210629695,34.013768015421476
1148,-10.989505335100247,-5.558485709753275,33.88297846666902
1149,-10.401387792085405,-5.029697863578654,33.42129207127705
1150,-9.249186239923178,-4.425083623377379,34.04269159523725
1151,-8.88917637254662,-4.301101519124461,34.495118063164526
1152,-8.752169022866987,-3.948479560322877,33.872308841024186
1153,-7.670944445934936,-3.882673532460794,33.36730397361628
1154,-7.190910165443982,-3.363068651149585,32.8767626091762
1155,-6.1841715123775085,-3.0398218062126965,30.631220699766047
1156,-5.84246420800385,-2.6360980979603665,30.317157016518305
1157,-5.5721292701911835,-2.319332614775813,29.635108648653777
1158,-5.4710539939812515,-2.230543958893673,28.82325263557972
1159,-5.326037101230251,-2.1745885620101495,27.770309172730602
1160,-5.638990744793559,-2.170089415696952,26.57951675434458
1161,-5.180969851106827,-2.1874243910139577,26.509408182199518
1162,-4.914579946316594,-2.245997671515987,25.446536377727863
1163,-4.711575009041481,-2.3194368424242695,24.957130468355608
1164,-4.282056063793747,-2.290729400498249,24.57116790513248
1165,-4.101841797350717,-2.3351727751775884,24.289595554403842
1166,-3.8247473069350266,-2.505739094319359,23.89888140439994
1167,-3.6763439606552373,-2.5284431401112157,22.74621843002607
1168,-3.5639937116395948,-2.747569423413472,21.528770103123207
1169,-3.486931663395709,-3.0413728020955584,20.948548118058184
1170,-3.4430774356044354,-3.3784542452743316,20.509297158075288
1171,-3.433365038313799,-3.5400047527642915,20.510176279392486
1172,-3.4429709899068235,-3.8075808965261038,19.916415810318068
1173,-3.4093641309934184,-4.057283607769053,19.432225746306074
1174,-3.4605566603793343,-4.328920909298545,19.174945422004622
1175,-3.4620389873849073,-4.702822537399623,18.701003417130135
1176,-3.530319983094262,-5.014216745527601,18.214899980080894
1177,-3.7149224508835172,-5.088376790377691,17.85706216983542
1178,-3.85496751488088,-4.973026081283158,17.711597396771197
1179,-3.8538542951835724,-5.288240531895507,17.43913596755963
1180,-4.063115692678747,-6.220186278634317,17.16588949751852
1181,-4.452027906912788,-6.921433835449368,17.163475034629425
1182,-4.614652225416803,-7.7587194644438755,17.078490846542458
1183,-4.965173684691171,-7.60986284127251,16.904214811798056
1184,-5.198614725966396,-8.630305255083359,16.849663938701458
1185,-5.630052414139479,-9.532983853144993,16.84865028898262
1186,-5.802341358936356,-10.348697381036812,16.837697988637398
1187,-6.486691261812305,-11.09755012274712,16.829571139299443
1188,-6.801946815414279,-11.502077427406396,17.109727753550253
1189,-7.273982943925387,-11.426781636914043,17.04663585044381
1190,-7.469502631584159,-11.825271717154411,17.196361145078566
1191,-7.754772891657975,-11.761796358359668,17.624841157550627
1192,-8.153124148291562,-11.005635145063641,19.099596577524817
1193,-8.222560272848515,-10.583863195606984,19.511293350658644
1194,-8.764535962977021,-10.678276029623694,19.760486171403375
1195,-9.25577650515083,-11.376539372671516,20.293483605082624
1196,-9.420651646126023,-11.44553049285943,20.413252447517426
1197,-9.77316388030425,-11.697421651338662,21.013772759928674
1198,-10.054778311521416,-12.203476206145147,21.19520804248831
1199,-10.279666173528426,-12.7965074569868,21.7045251214531
1200,-10.313126386598498,-13.377115618130517,22.401423006981705
1201,-10.76624348482911,-13.75657523830006,22.779083442981896
1202,-11.050058058526288,-14.182921553029969,23.26207185970773
1203,-11.040099422555434,-14.550105125118186,24.197715071762982
1204,-11.313446998718812,-14.751224424066763,21.456912488352128
1205,-11.836749436117849,-15.960525615803734,22.781140430145125
1206,-12.203727877864075,-16.333556242721265,20.24111122272653
1207,-12.202110434085313,-17.513797247360593,22.304666618315764
1208,-12.544937230460478,-18.25547979234029,24.989558349558493
1209,-13.4240554231083,-18.43565173876967,28.15066522884348
1210,-13.39183826636971,-18.44984188794954,36.52258549264994
1211,-14.277503619189343,-16.30619227712962,37.203933580208165
1212,-14.323391671399486,-11.661938978793552,37.53187854892897
1213,-14.100951619419506,-10.17555850773507,38.61446265908364
1214,-13.894965658676085,-2.1293138706900514,38.98830092589721
1215,-12.689706938665086,-0.8940622321875247,39.71262696432474
1216,-10.522484761214226,0.7627010258366305,39.20576298049076
1217,-9.702986696461652,2.3687159245377103,37.54322873006083
1218,-8.74304262125602,3.068023697955109,36.670838272047185
1219,-7.600337996477793,3.8457036162089318,34.99169193280112
1220,-6.1219386783447955,4.846709827805159,36.1385921007838
1221,-5.774446713057019,5.272764736006602,34.37077282194939
1222,-4.560717731594853,5.652831817115864,33.982064487860875
1223,-2.802686438341312,5.785870303652549,32.28205426665397
1224,-1.4680031305147603,5.859263902939926,31.21235559619082
1225,0.01026822024216334,5.852592118028941,31.08756081434476
1226,1.464681128006804,5.756184876931192,30.18945473045441
1227,2.002019504447018,5.720637531262291,28.99987423923594
1228,2.5589041846848537,5.6708921680645625,28.149843920093232
1229,2.6047032597171755,5.618081736489046,27.127959991184458
1230,2.7103281785774276,5.587819698972994,27.144015971379098
1231,2.8560050097729697,5.552221860331996,27.728477683839113
1232,3.0391260012411947,5.4946797127188205,27.23550646814201
1233,3.175222058329731,5.475217771845346,26.750161653855276
1234,3.4565112930667583,5.460413652596068,26.234132775655716
1235,3.819485002373868,5.465003034709418,24.773239098761174
1236,4.054546499317391,5.5454589632289615,24.760326313427882
1237,4.206964070216247,5.549971635160071,24.169931339307386
1238,4.358337820679396,5.67089557349715,23.493975371452148
1239,4.488223513240311,5.911537363105758,23.88017133608785
1240,4.582056678169324,5.624751863388543,23.863908169660192
1241,4.68683763979803,5.676685661442892,23.535271894052663
1242,4.769461687602901,5.8461583600555524,23.271208670525994
1243,4.889261587139755,6.071313413365926,22.776062523931163
1244,4.992429176253831,6.370740383997411,22.39259025866811
1245,5.417645836692495,6.543201751227742,22.01464456802845
1246,5.536654656236685,6.869946669610334,21.70129387679153
1247,5.769873911235307,6.972712923906063,21.653198246633526
1248,5.727389523074044,7.32085739835891,21.262827630630667
1249,5.960997078462081,7.250050241248571,21.055986404200628
1250,6.078040575026385,7.520916469436148,20.880974989043946
1251,6.1199588519424655,8.168027784749144,20.83097885636793
1252,6.432185766900698,8.539705956884918,20.79684938991614
1253,6.396532788622285,8.817727644134289,20.797625440446215
1254,6.688331886799407,9.13155576228951,20.798288492257818
1255,6.866500774796899,9.638289392516471,20.85951684313149
1256,7.112612382708697,10.17189364750031,21.201774965202482
1257,8.010236183300362,10.51417642981368,21.514067316495414
1258,8.500582676026339,10.489209861371881,21.795841463017474
1259,8.51473455735796,11.554020128306286,22.44666242881236
1260,9.021324177916888,11.727380260315474,23.388242276456225
1261,9.448279037049618,11.996501986079506,23.363243242965446
1262,9.680999901229153,12.339453033879693,23.725024532522855
1263,9.595756364703371,12.82866828214624,24.62768703880923
1264,9.904656617056453,13.292816628189808,25.31293433463931
1265,10.396599520226912,13.450881858579598,25.578870875899476
1266,10.734971420498164,13.747554875491023,27.563893266830586
1267,11.053245561089499,13.654687614473445,28.206974475745245
1268,11.09730954263346,13.59377625814514,29.47989863701105
1269,11.321781571764786,13.314710817755492,30.638672019800552
1270,11.53915502568026,12.980413775229215,31.38138489608682
1271,11.52473158719681,11.474640322040576,32.730320665085486
1272,11.516727505274922,10.996258353372077,33.18880029478317
1273,11.461007643606749,10.306480447930804,33.69958874246965
1274,11.446022091745553,10.723204459774584,33.73545549407797
1275,11.368241819444,10.780200958646182,33.76281037044799
1276,11.31416471257626,9.90094876941089,34.06616890422814
1277,11.214414670816028,9.126834793782988,34.251731654496425
1278,10.958359370054435,8.968174575032391,34.51429377595651
1279,10.655317703678977,8.586410810407088,34.60365273821082
1280,10.796207308207148,7.868265564871448,34.60410898945193
1281,10.457815863242558,7.820864063850937,34.56714084995273
1282,10.22998412323275,8.6658538417668,34.479861899672535
1283,9.946874429023314,8.018539811041066,34.476465802715154
1284,9.727155649862958,7.152589495915211,34.34899526579828
1285,9.15184590826946,7.079578250307188,34.01824120379491
1286,8.936067408306398,6.09150954835696,33.83594217399448
1287,8.578674954752245,5.571382409896166,33.48469063916609
1288,8.119440551768426,4.545982549398284,32.933557158653855
1289,8.177667008469303,4.426234362510003,32.669378393641225
1290,7.714175953789233,3.6380831701203946,32.09460221036711
1291,7.406387503318338,3.1856304941691307,31.073998104360907
1292,7.556252848924648,3.0115870118288464,30.640740775907723
1293,6.994018907488065,2.8859075310606785,30.069211414104153
1294,6.511444420431284,2.439447161383764,29.284598173381145
1295,5.3933700575098875,2.281978843049147,28.455352982511645
1296,5.011549570720456,2.212285640635343,28.84406044746902
1297,4.476034247636267,2.028029842272206,27.636465031772005
1298,4.199718115006267,2.0148920820513534,26.52283724643301
1299,4.130049155409488,2.0231235707680466,26.547564853045504
1300,3.991433406632934,2.083874600324923,26.04975272197695
1301,3.734766854307335,2.1053643155813475,24.975173612468737
1302,3.4393178536227493,2.2099874827585695,24.421655659683385
1303,3.492751487878939,2.3221421946110783,23.851995613124334
1304,3.304924350879709,2.4403681978681244,23.66289236914382
1305,3.2349212976497634,2.470091692921025,23.055249600211724
1306,3.1626033477013493,2.8688811156891383,22.590064385840655
1307,3.1273284032193107,3.0692469496546795,22.81385471206641
1308,3.122264456952596,3.1505736740150687,21.950407958260733
1309,3.1253981600179026,3.461890165151752,21.012969617115733
1310,3.1866434495303446,3.666833119618371,21.04222182658298
1311,3.2969100020746342,3.931755488819695,21.072028309196536
1312,3.2299892030679085,3.994964232177776,21.301918605702276
1313,3.4013242677783984,4.105824800244703,21.32709165502064
1314,3.4665046176564616,4.22074260923221,20.309929849792542
1315,3.6011725828779566,4.13771924889364,19.899413928634644
1316,3.6480812067154935,4.528990386933501,19.532713660844564
1317,3.604947533498957,5.008402222185811,19.743916881896826
1318,3.78791633715089,5.2294209544228885,19.519046367027354
1319,3.957516615783353,5.558519649694162,19.320932040481072
1320,4.162485543853609,6.213803371333402,19.26869969578541
1321,4.228926384996742,6.51122167491928,18.991932779778303
1322,4.32614310160785,6.695985789520334,18.81621843946723
1323,4.580471810843378,6.533204460227584,18.211632277181625
1324,4.983000283644571,6.903862733927207,17.952916984614852
1325,4.829769304755885,7.4818211566025745,17.85942303710373
1326,5.3464634460890945,8.200945005407256,17.775194203342604
1327,5.532374378590718,8.681705146742084,17.742125386094223
1328,5.6953203109563475,9.440865481557205,17.74679101545115
1329,6.184226932926515,10.025943645406894,17.7844799943307
1330,6.633215456531303,9.567261017897657,17.938242030540632
1331,6.944086872635533,10.327250935886626,18.03445539206065
1332,6.828169584500336,10.695794093294964,18.36496150160601
1333,6.701771795139533,10.183629766885975,18.725679458049054
1334,6.734564543765273,11.13193912102175,18.440483274808557
1335,7.364572253118413,11.663061517443778,18.674098983848577
1336,8.043533854652678,11.788109027135791,19.070630560230413
1337,8.111767328863559,12.01363458490875,20.111243254626554
1338,8.691129744796768,11.565054511441488,20.811127951168757
1339,8.995115444001202,12.14758361426769,21.35493140819794
1340,9.338151158455647,12.447806639518294,21.79655246259516
1341,9.58657367460224,14.143473743944392,21.836375321735282
1342,9.904192218497023,14.762797365620546,23.239428702446197
1343,9.398175402860835,15.190020712591044,24.241868953623584
1344,10.477296975686766,15.24725629170572,24.80512216162955
1345,11.104354320431867,15.127147572199556,25.939623001716736
1346,11.070668983393169,15.067227848866658,27.854443515778584
1347,11.194475823706899,14.961314204861946,28.366013578146443
1348,11.79194400074893,14.763347778641148,28.705949115893507
1349,12.129381301856148,14.149972506148794,30.896206309503356
1350,12.51000288782079,14.49479594443746,31.400089638558125
1351,12.839562830022162,13.72957509300473,35.05193754272618
1352,12.932279400977745,12.766473752980145,35.730106759670434
1353,12.905529392178533,12.175261564327888,35.52987735879882
1354,12.931989463535576,11.284523076546323,36.15656062807574
1355,12.797761160836851,10.29613006557265,35.926503048311524
1356,12.509379520104117,8.950478668805195,36.328881252294615
1357,12.389532166868916,8.249483458589387,36.4561640006939
1358,12.261737362589306,6.805420349319677,36.56003629192083
1359,11.519316425555331,6.605879209862359,36.378496674183886
1360,10.923123867530576,5.629955557993376,36.056975139682194
1361,10.488823369322212,7.147984248747081,35.84273432491903
1362,10.177119790408204,7.513457425799579,35.478973656324456
1363,10.37437269650289,6.828769660922571,35.2956265211365
1364,10.202106573206692,6.898699109279609,35.16171500258879
1365,9.919374962737527,6.013561125458896,34.65608944808648
1366,9.706693167961856,5.1765154067835875,34.48190475106308
1367,9.37159673236703,4.184599725685527,33.89404620186605
1368,9.25199265476522,3.8721378463260026,34.107146056174045
1369,8.78164349940197,3.730330188157196,33.61132951051239
1370,8.306795612090808,3.2114713556551884,32.53652257465503
1371,7.04767073335312,3.0669963217117466,32.040276589079916
1372,5.739637080617081,2.911945723984332,30.53593841214464
1373,5.525954059951841,2.5076628104294136,29.51284739467634
1374,5.148903679491785,2.3909546878331955,28.60376634059849
1375,4.875479808627209,2.3559057026068735,27.006988081180253
1376,4.928636035995324,2.407288792262557,26.437463640368932
1377,4.662343749358518,2.4642621398564217,25.986329862591926
1378,4.257890086717325,2.6075841195241765,25.423232230157822
1379,4.04278159155297,2.693264876598198,25.0975834582716
1380,3.8552546294862142,2.8608656945474387,24.75825658923978
1381,3.773770468989175,2.9544839723713894,24.12146974216124
1382,3.7090250644370464,3.0725005941767267,23.04622095398406
1383,3.6051162476651744,3.1324886479933403,22.22463153443449
1384,3.568164934925837,3.552580164911116,21.731404944026433
1385,3.565564715250416,3.419479714895303,21.348616277266434
1386,3.5480444650160154,3.652875987189376,20.772960444893858
1387,3.541818792109581,4.036250368343081,20.13202207231257
1388,3.4539479315339054,3.9974796347117456,19.782427091684283
1389,3.5073160779583485,4.141841866187898,19.907725658348454
1390,3.373362228446293,4.2883837105401135,19.56017885696453
1391,3.636441125119264,4.547297035210982,19.119328668563902
1392,3.7580461592984897,4.864722685121225,18.59223574389788
1393,3.831011705021032,5.371552445687255,18.54101234507364
1394,3.7654581424316547,5.828000390987009,18.375536825152118
1395,4.0368176514876835,6.14721456526954,17.949584532905405
1396,4.258282256952508,6.440447292706959,18.323244890779552
1397,4.424666337965369,6.9715288338267385,18.396104020705558
1398,4.6295364935983665,7.550631204075124,18.201675539326374
1399,4.937965659495336,8.047402903010015,18.051078153318848
1400,5.316959457084103,9.444682543659889,17.960639888934764
1401,5.375838957032883,10.157021294319497,17.972248163116195
1402,7.508875327457442,10.96560339475193,18.020273379448664
1403,7.417896373067921,11.340041711104995,18.584936416481295
1404,8.064640236903733,10.915036994911866,18.736815775311566
1405,8.414687624582987,11.251955855935147,19.17830009078743
1406,9.41905121143718,11.075857099497483,19.818142210660202
1407,9.61228331802505,12.435129639378884,21.34937368817489
1408,10.045027976203917,13.234344920111559,22.321454811910222
1409,10.16244105770946,13.810810424561236,22.485996211578545
1410,10.936310552613314,14.300226752511353,23.105719848646178
1411,11.449560082790438,14.356320600952943,24.10402311905616
1412,11.71995688482341,14.57829780670224,24.261380408711076
1413,11.953055822472674,14.56929253548591,25.489620879485475
1414,12.235875259439911,14.758779728409374,25.959088913325967
1415,12.572349788059585,14.882990920026273,26.661770016998744
1416,12.868615278277868,14.900362109621282,27.625358939734294
1417,13.016422940737556,14.822883900539646,28.14401005206429
1418,13.151841730766854,14.681821428333423,29.315487287367052
1419,13.358502357497798,14.302244712887376,30.073402342998097
1420,13.466007369217678,13.854904293213803,30.91163562424045
1421,13.491298374750658,13.192366950218288,32.14312132743101
1422,13.484110624370409,13.31462157651237,32.882420533109865
1423,13.487370623186965,12.422089088522721,33.42251750841786
1424,13.38700151760425,11.277570809226948,34.417071102246474
1425,12.996950870362229,10.895378286484009,35.58345158869264
1426,12.55543157413808,9.708141959766353,35.723612030078776
1427,12.476097970499012,8.35599035714259,35.64086000302702
1428,11.970514119064667,7.010011631036571,35.704825475996934
1429,11.728712821372854,6.213158888706907,35.52019124584024
1430,11.575650230715695,4.781289637179232,35.5227732132604
1431,9.869011345639825,4.814867552396148,35.24517968639997
1432,9.428094019403057,4.767403830713598,34.87723580638959
1433,8.954067923260995,3.699864614780764,34.629877388174236
1434,8.49727759252579,3.4769376082915975,34.09265953989251
1435,7.866282133259789,3.345609631739685,33.428889960773205
1436,7.275110266897796,3.2598521965158613,33.28447736321641
1437,6.647902467334578,2.6723350280958673,32.50426917792215
1438,6.757425561857665,2.291279331497193,31.546941481110633
1439,6.101599091272395,2.2363829672832374,31.205506786050375
1440,5.838066378443824,1.8691022360484348,30.28299613783769
1441,5.210221360668154,1.657088703681585,29.99076369250181
1442,4.419628591542505,1.5184327212351858,29.07143239528427
1443,3.217421538627029,1.4262080926440386,28.475471697569045
1444,3.0598831704619642,1.3512573291081877,27.560886672373663
1445,2.850219413019787,1.3512205580395478,27.282944583859077
1446,2.594331980286014,1.35428070811066,26.391821859861363
1447,2.726545150483317,1.3632128726142834,25.777878251079354
1448,2.6456737760505726,1.3837783338480645,25.682903654174222
1449,2.526769997576376,1.4560360804177033,25.157824047496824
1450,2.435786103847206,1.521998161201102,24.933959072028447
1451,2.308007557692422,1.560030763932349,24.516948905286462
1452,2.180164438654223,1.6282497980030706,23.936108900500713
1453,2.1233644272343337,1.7336664340425783,23.40964182786173
1454,2.1305266441452586,1.813359627535792,22.878225830296234
1455,2.096005993628862,1.8710819391825417,22.733826231546153
1456,2.076596464813588,1.9667128767824447,22.252665973753416
1457,2.0695467724951704,2.08749719070121,21.671832502490187
1458,2.0736104054744686,2.268796462686937,21.526795919412297
1459,2.108143517793687,2.3797052237633864,20.591248915782003
1460,2.145785161435018,2.921343696191675,20.28156462663096
1461,2.215918360888581,3.234479822713606,19.9995029082213
1462,2.311197345638238,3.4999883630478754,19.64413782448142
1463,2.387772517419476,3.6674851829100863,19.2535460507199
1464,2.530376673851858,3.777827045586624,19.16175952949808
1465,2.4865362028059206,3.959226855237283,18.872412824364538
1466,2.429981659154119,4.118519032620229,18.221510557388974
1467,2.524145431061442,4.416417461716348,18.266220419426414
1468,2.4490144665250617,4.845315603640134,18.099898787492574
1469,2.7194270599955117,4.782610624184574,18.08331047580888
1470,2.631679939736851,5.303518868548028,17.682588377012838
1471,3.0606905428728286,5.751269557322068,17.57097109076782
1472,3.2884677386058923,6.145972451320664,17.18981652606498
1473,3.785286031213042,6.708851469637336,17.15296261753191
1474,3.745347901666063,7.25753213855113,16.873633135403516
1475,4.190878084361042,6.975164574686464,16.58607603019774
1476,4.796429312334133,7.475449311861251,16.455022758348246
1477,5.2104137530823795,7.944894341619052,16.332637135856565
1478,5.735701073342026,8.503708254689874,16.322113620938904
1479,5.448781139277877,10.597235377307962,16.38397379132066
1480,5.627160137051607,10.876959989537863,16.493965078677572
1481,6.154922140546813,11.475963071152025,16.60579611607568
1482,6.7978052802411675,12.424002729999053,16.94436000043827
1483,7.109122746705493,12.973886493196131,17.735248888598825
1484,7.193621160062379,13.473435688037586,18.04451823303744
1485,7.379826461705567,14.050037670660702,18.92069199629217
1486,7.85333974132574,13.282464336897448,19.06532094021554
1487,8.368784537212932,13.669826282525966,20.144331672114284
1488,8.114991872500841,14.30729535162877,20.849562591472264
1489,8.350893424243065,15.121912593872398,22.442153949195983
1490,9.827033348318121,15.511607379601017,22.89923715227952
1491,10.044017228794539,15.77147137172326,23.841164960960672
1492,10.437888446104951,16.149511778654155,24.743449640486965
1493,10.976218803415527,16.32136500001123,25.93495540818722
1494,11.39759709986849,16.427370823728598,26.573109314113857
1495,12.860850645582971,16.425964328367773,27.418967547694525
1496,13.438001306784084,16.357429224962488,27.44828641034118
1497,13.337631987581183,16.464283803852513,29.840594978677156
1498,13.550481566809806,16.26556832165916,32.05888358462688
1499,13.16515283171399,15.150262019241367,33.257734281260646
1500,13.326766224399602,14.104037372420972,37.45128574629719
1501,13.40472527154852,6.509806133325434,37.808169760273685
1502,13.169714989572025,2.8583796808184907,37.900363445097575
1503,12.155014884293202,0.48231363144044126,36.82928646354754
1504,9.733956625073734,-0.31810577124525496,36.17347628472711
1505,8.743920646413228,-2.0454874012520188,35.33230456192271
1506,8.921035644745439,-2.789061887084902,34.33483493449513
1507,7.492918147974197,-4.317032617707195,34.28211242879604
1508,6.646986849637618,-4.673408278538325,32.88587299878441
1509,5.847549162229516,-4.962674890596093,30.94256949645701
1510,3.808120498651762,-5.1288972409344495,29.609962066972614
1511,2.8078833617943704,-5.137454359424404,28.71251565693222
1512,2.4664217077694435,-5.101222927012606,27.52655518036273
1513,1.313434741474449,-4.904909070553107,25.842959839419155
1514,0.6583995066145921,-4.848455151984238,24.580501373062788
1515,-0.219678425645511,-4.739864899726217,24.352165419531456
1516,0.09153663995336597,-4.758836769884922,24.569543349331532
1517,-0.2692108423205614,-4.7276398202582035,22.147375316703297
1518,-0.2996939871839946,-4.6995666135581,21.6304046423091
1519,-1.3270271813187517,-4.654658036506649,20.5735106392347
1520,-1.7417165568427229,-4.702257410640087,19.566381301091972
1521,-2.0190021365587016,-4.688213583285499,19.17188514421538
1522,-2.513861503037101,-4.852407967116994,18.808704276648783
1523,-2.794422245334637,-5.021472031906749,18.58223930694835
1524,-3.0726841770287425,-5.2311611274813306,18.6278566079575
1525,-3.1268137571173162,-5.466805302450297,18.391870843643755
1526,-3.3634735460733816,-5.594297976168623,17.446290146770103
1527,-3.4485682420307144,-5.649045873600399,17.118373057399218
1528,-3.626541959693223,-6.051069276149254,17.057147580287587
1529,-3.755086420034542,-6.3687581858501705,16.70056741531012
1530,-3.886471945226987,-6.692249386391097,16.681283841854363
1531,-4.721464913572629,-6.804747860687263,16.54665624492095
1532,-4.669284862725183,-6.667883005884182,16.503258855127118
1533,-4.855855766804459,-7.204940647557338,16.4327109438656
1534,-5.143581442213996,-7.83563638083,16.358485243047998
1535,-5.391738759622149,-8.46653039496618,16.299710254447636
1536,-6.041897398879361,-8.672038634260243,16.3386508607428
1537,-6.5932329411953745,-9.29927419537179,16.379769238899033
1538,-6.932307176055166,-10.174246826265385,16.639847509083253
1539,-7.601723544486101,-11.042718742184102,16.936307969488396
1540,-7.902303219615419,-11.184881882878013,18.106644858022488
1541,-8.251838493779138,-11.37805694321865,18.412246319236534
1542,-8.12090083642013,-12.187016158013165,18.56543340343587
1543,-8.390679172838368,-12.323696621104027,19.793966719757112
1544,-9.26775380898544,-13.95970433443522,20.656509667008127
1545,-9.477712400296387,-13.920779700514242,21.432881914996415
1546,-9.557730498317216,-14.179133493680233,22.20820768997454
1547,-10.420202714136703,-14.744072785534549,22.997573908197584
1548,-10.821010447993396,-15.347221475915015,24.103507410834826
1549,-10.838734950526117,-15.590921837187219,25.250807903596897
1550,-11.95214320920756,-15.77229763174117,28.04618335561513
1551,-12.038269609623457,-15.607253232829288,29.13437255984367
1552,-12.263132687586896,-15.118544356073032,32.61901381778911
1553,-11.718059182853995,-14.09930666340423,32.976766732961
1554,-12.159797165111874,-12.767736379309175,31.719267281670216
1555,-12.178630183660092,-12.771201391373536,32.73124361406481
1556,-12.296999800899526,-11.746531070798467,33.74291996775751
1557,-12.271110977759612,-10.460846061141842,34.79742830492261
1558,-12.114211049579376,-9.662098412217247,34.77779438467544
1559,-11.6639331870997,-8.802225723074562,34.94909034979183
1560,-11.554506346552769,-8.872790601348457,35.103437842918844
1561,-11.429407080680853,-10.976360542064414,35.20252400816779
1562,-11.357837106410472,-9.849735740473548,35.414266575904435
1563,-11.19097029325242,-8.150839213226206,35.42401631397073
1564,-10.89963475186097,-6.063863425079496,35.395402138594065
1565,-10.11222105326028,-4.081891088380465,35.101961840084996
1566,-11.49320319275833,-3.074714949204382,34.95307504285139
1567,-10.667898626698703,-1.7436210161890824,34.380509004776975
1568,-9.949944526411345,-1.0403022318916588,34.067101536911835
1569,-8.840270545641086,-0.06780820835842671,32.85538743153366
1570,-7.363511859250233,0.15271090863833933,33.254464543837834
1571,-7.042331099003532,0.6925532796647302,32.13366077583212
1572,-6.599088434197861,1.0628708994774625,31.330427011611388
1573,-5.375902497177539,1.2664740681033149,30.045605366042004
1574,-4.802204664817709,1.4621154392825175,29.440847687886283
1575,-3.6015039474669495,1.547169822192357,29.770499501111892
1576,-2.925611634692989,1.5976396259590702,28.960731675491072
1577,-2.5523665784730154,1.6104648148499356,28.133460575679063
1578,-2.3439897515232078,1.5930753103320052,27.16320213247768
1579,-2.31185842919784,1.569880419022747,26.418521933633095
1580,-2.384136466665689,1.5533597417530252,25.24041344664518
1581,-1.8281922978448304,1.5032046123078253,24.130762467925017
1582,-1.7173254635310586,1.4218315226498652,23.046860314128956
1583,-1.8059054851209586,1.3758503104739574,22.44578893882971
1584,-1.61180649202453,1.3103407100537272,21.836220351959703
1585,-1.0101155128940467,0.9993001070513807,21.126386893994493
1586,-0.6258585101254368,0.7876234375200316,20.264225974827443
1587,-0.7017825601847485,0.7211671099553046,19.83295341874142
1588,-0.6677700859284327,0.6700057676927567,19.095169049565378
1589,-0.5459388869511956,0.6134334176991444,18.766648458289534
1590,-0.4001681843728548,0.5500380290476234,19.010598641376184
1591,-0.19134436878778346,0.48369788131137903,18.274056767478367
1592,-0.16708746484830514,0.45544504322201834,17.83881257104993
1593,-0.12712195900857992,0.41440449154681325,17.215409754311228
1594,-0.11115912631507875,0.3696668590167806,16.597016221330534
1595,-0.10577220996438205,0.34605303898492346,15.79162947466054
1596,-0.06762687184991865,0.35193947614308074,15.831841605146215
1597,-0.03730498245958978,0.3331084955780277,15.38460965248206
1598,-0.0002233567960468752,0.3211693875635381,15.028690869092395
1599,-0.005144233437439985,0.3222931292829068,14.480604089187754
1600,0.033298977610135165,0.3216226005761274,13.845014499324051
1601,0.068952687394576,0.3239335578352544,13.253233826130009
1602,0.05031742408087064,0.3310980298778785,13.093400840304017
1603,0.05006517272337345,0.33821514463137836,13.033279013881735
1604,0.05987404337628739,0.3457205466716958,12.65629008481066
1605,0.09160476730190194,0.3533346900420674,12.311986849619148
1606,0.11610134631870228,0.3653372472844091,12.763806354222016
1607,0.13308756032066188,0.38249253024343843,12.2672927938708
1608,0.16848228615060418,0.4000442558509658,11.91739516887706
1609,0.14261789395102725,0.4271035874665261,11.522599774755149
1610,0.14836121705655606,0.44656500929408455,10.906896016958992
1611,0.17894200416215927,0.4669888861181909,10.328033200907356
1612,0.21618052851615102,0.5116813859863192,9.958905353999992
1613,0.25496895828596977,0.5050291310533039,10.11196087383959
1614,0.2792085845502965,0.5724657865121149,9.82459122622881
1615,0.2639722208333564,0.6375924391543009,9.589736586257562
1616,0.28553295502916454,0.6799407140376422,9.329769399077856
1617,0.3215181052242449,0.6900617819221905,9.286187457197695
1618,0.31910796452369616,0.7413915588369512,8.923702943562285
1619,0.3704246794885852,0.7588446670065053,8.717133074870345
1620,0.4480968687629717,0.7996179706007109,8.574772199780005
1621,0.46845042243279833,0.8126513438296377,8.3823480041005
1622,0.5021015311582525,0.9032666393829788,8.080008301072635
1623,0.5669642141959907,1.0496789319954418,7.967277995331333
1624,0.6252561571545222,1.1359489667737854,7.8493640564078735
1625,0.668311853532213,1.2409088328203435,7.726686704625235
1626,0.7208945439795054,1.2625817851857368,7.580274979576859
1627,0.7933896123851365,1.393626911329067,7.397923520372011
1628,0.8497862386830266,1.6223622109232976,7.247833712347692
1629,1.0456654815351532,1.8212964538022969,6.763721885928828
1630,1.084500941483946,2.139516605310045,6.689672451788939
1631,1.2613725256042305,2.391612422080738,6.667561262131652
1632,1.3505101644201853,2.4223376975816517,6.582025533840885
1633,1.5628995557221173,2.8272998573017443,6.351073702218237
1634,1.7436625237228072,3.2882389635772444,6.193028560966413
1635,1.8729923984003463,3.826531638453038,5.779220469550581
1636,1.8579862739172754,4.224143333390316,5.552829038904776
1637,2.3246794515074667,4.227643604760538,5.618469820189314
1638,2.38187477974533,5.297847296344234,5.5832676748321255
1639,2.0403979628019524,6.0716673153244365,5.582937982037131
1640,2.5287128771184864,6.842447787094488,5.5782837581135185
1641,2.8922185134556826,6.977232297497257,5.594014683720357
1642,3.3861368236084655,7.774454539496329,5.602806810164431
1643,3.798588483906776,8.112656558256068,5.788947253636015
1644,4.065470406624537,9.640479795876313,6.6209083860253894
1645,4.357934494299729,10.073721188978206,6.820756166719631
1646,4.916487896338599,11.140216647002415,7.149300899389293
1647,5.400260804177283,11.926613975709284,7.621049750379467
1648,6.431734181025484,13.962621881580407,7.906882635761696
1649,7.1106174442305505,15.080594309609983,8.30699986183065
1650,7.975008318621134,16.740426464100647,9.868509125608444
1651,8.0406003926806,18.663188024408488,13.548812236013246
1652,8.902601288755267,20.287933058883926,14.08642549538145
1653,10.469463620518393,21.266723103130236,15.101615453032156
1654,10.928652612991945,22.791533365704858,17.386149263156685
1655,9.430525937154153,23.286282166703007,19.464047795645516
1656,10.68377195937532,23.761404616865853,20.898441406798742
1657,10.608129279832669,24.346036452955413,23.64596281566442
1658,13.141266159289367,24.379020383534098,25.943432148243783
1659,13.98339279810442,24.407078394099674,29.219707683374683
1660,15.321687407015638,23.71896307589041,37.019320334570914
1661,16.88507004629694,23.67422839255042,39.097313664999746
1662,17.39913906178306,21.083665746572258,42.82037287768182
1663,17.728743688120023,19.514455285256815,40.823200200853265
1664,17.842192017711493,11.430036037181022,43.01161696458406
1665,16.869465777841725,7.848211617422082,45.23159177660503
1666,16.996589162174004,6.899694662835616,45.30582059841777
1667,16.01772779008528,3.1736612447039056,45.326658305137194
1668,17.30823415648308,-0.2630010832733962,44.78988996450653
1669,15.100088384391071,-0.6655739716692054,41.163515752288205
1670,15.058338971473535,-3.2024961468189583,39.80348702401211
1671,13.396882353872721,-4.996815987693775,41.49644088577562
1672,11.44882919873089,-6.845544162436573,40.32246734656735
1673,10.132262687202589,-8.064742777754791,39.946301983718996
1674,7.389211049189449,-9.123512218415357,36.2083895122161
1675,5.768713781911659,-9.567977327543861,37.775492333158965
1676,2.2604283609208915,-10.409006048334643,34.42044116346373
1677,-2.2709146751987452,-10.431087642415578,33.38942484711218
1678,-4.115918201654774,-10.261719728774894,33.08764956508175
1679,-4.459006953856275,-9.996100187274084,33.12384626461503
1680,-4.542699044096954,-9.643416802565635,32.491130623423274
1681,-5.241939413374903,-9.343049977366416,31.070196459886763
1682,-5.975386323852196,-9.242956343351134,30.99147597078945
1683,-6.293179334091998,-9.548428842262906,30.800417358476007
1684,-6.63119578868833,-9.18871435465333,30.69320626611891
1685,-6.777103095990377,-8.85154450845778,30.68198124428244
1686,-7.161854946088859,-8.59519954663401,30.580269386118324
1687,-7.170384657787015,-8.374260543554982,30.353424941691717
1688,-7.3398586851656855,-7.733143846165349,30.201680485722424
1689,-7.38750354043751,-7.637183515997431,30.17224441982069
1690,-7.448562670878856,-7.329627421533618,30.11510596400869
1691,-7.443874303621315,-7.1014798726368,29.354220900852035
1692,-7.391698578477169,-6.839262306380893,28.894675716258956
1693,-7.385831890852919,-6.618451519944792,28.835110518987094
1694,-7.326194657616082,-6.516372965687484,28.62099014115886
1695,-7.259585244987994,-6.454107335665152,28.48954225483495
1696,-7.167257718119045,-6.3794855364658085,28.096305643018066
1697,-7.117647645410704,-6.089688337105304,27.840164447158905
1698,-7.010048074281341,-6.031529427308808,27.502170523889845
1699,-6.916901081479007,-5.9889544169238444,27.136742625766008
1700,-6.82815186509283,-5.988687155844807,26.601997392975342
1701,-6.6950325742410755,-6.053257559753774,26.192719870861136
1702,-6.827088078695191,-6.157547943991986,25.664586965141368
1703,-6.721506228563095,-6.276562266662145,25.41690894631116
1704,-6.655480512625475,-6.064009306244041,25.261934626246415
1705,-6.594498152407615,-6.126092431027425,24.95019616571407
1706,-6.537341881342135,-6.277828877729898,24.449922350399074
1707,-6.518604582685645,-6.681116838947538,23.84774928007133
1708,-6.535048093360222,-6.65890742974723,23.906822985985233
1709,-6.524512978153178,-6.897417424425651,23.822612366583606
1710,-6.512225220805213,-7.015217036860672,23.827543009167208
1711,-6.536569037349995,-7.228288035023506,23.668632594819833
1712,-6.653676896130912,-7.465738201764349,23.39841576072868
1713,-6.788083526632349,-7.7816557794252,23.268336831000354
1714,-6.923744706038806,-8.02368601576371,23.178372450004698
1715,-6.924112310992384,-8.320326576370165,23.13803397902787
1716,-6.927566984458755,-8.868264407118245,23.117581279147043
1717,-7.071634453403289,-9.093518828972307,23.115600138893452
1718,-7.215234985958782,-9.350485229210381,23.154247760643383
1719,-7.031236957366108,-9.529683193441508,23.20424469595425
1720,-7.298183660541621,-9.557152545626327,23.217381323274363
1721,-7.6207499149249065,-9.760198207004278,23.295162776198797
1722,-7.605336785094355,-9.037462392810655,23.399729506067636
1723,-7.632155180315565,-9.362227093495699,23.45302453898208
1724,-7.853455921873854,-9.442871242063978,23.51359336137483
1725,-8.126702987044855,-9.68116904657727,23.607211022795553
1726,-8.331689036559695,-10.09255499729418,23.765804334464352
1727,-8.411296895451526,-10.344007651010127,24.012316289458113
1728,-8.53002486006277,-10.969173428536422,24.251209056111826
1729,-9.028674394240424,-11.241542397803425,24.608011791866794
1730,-9.316411786680026,-11.566301992076314,24.819507580838533
1731,-9.622791838780952,-11.719697823948344,25.90272181292873
1732,-9.966532239158726,-11.804057471349363,26.00501964027914
1733,-10.182644214485702,-11.831115275287836,26.160916143230644
1734,-10.407855303059945,-11.869813621309111,26.90468262230532
1735,-10.63065866171277,-11.864470323242154,27.139689689650634
1736,-10.807648324940848,-11.851808208747265,27.572778999926847
1737,-10.812130508450034,-11.786593926677481,27.513227476129583
1738,-10.931241404223993,-11.649217634163294,28.127849332366225
1739,-10.906443978272966,-11.64760127714483,28.929876504774775
1740,-11.010495489320311,-11.664381813886202,29.24278075075312
1741,-11.063992382951104,-11.425761795299408,29.62244072912101
1742,-11.078997408278985,-11.897842726237492,29.237147745627162
1743,-11.124971121978119,-10.643184911983955,30.278026613890525
1744,-10.984511017518932,-10.403734530915925,30.63591292363892
1745,-10.918214066091252,-10.307399316822584,30.841966622524485
1746,-10.807161852104278,-9.75683893129511,30.910133172641903
1747,-10.687643425331686,-9.572982426020873,31.208568708273898
1748,-10.55188019026192,-9.008320275294624,31.397042362227765
1749,-10.33013753827486,-8.155847883000774,31.260102641573148
1750,-10.101316481763773,-7.369277093779879,31.27429928045412
1751,-10.25616785224076,-7.354991839095999,31.15782256333284
1752,-9.972221226481683,-7.853138464665889,31.063270054819927
1753,-9.706462743268926,-7.4830117731811,30.944583009433764
1754,-9.84992201493215,-7.3344986821749165,30.853099749087608
1755,-9.502983239605365,-6.010917067439749,30.719124027436333
1756,-8.972748680276096,-6.151356714963085,30.54942962169623
1757,-8.705859543682186,-5.503562245993964,30.243232040300846
1758,-8.35999363396506,-5.079438957630663,29.673659717198554
1759,-8.270990890999936,-5.084744782954331,29.87389020307784
1760,-8.326016348348517,-4.837329654067959,29.54317219010355
1761,-7.874056320322087,-4.4902033784332485,29.225372485113137
1762,-7.398324457114121,-4.247852354397397,28.57663017112596
1763,-7.238542816402669,-4.177938000179149,28.06477559823604
1764,-7.269667886103235,-4.254732486987034,28.390891164284284
1765,-6.5770797385131035,-4.399272104778304,28.032321390618403
1766,-6.32992349159446,-4.2472115322041395,27.468577134150713
1767,-6.320737220790305,-4.25081482008617,27.47610760436065
1768,-6.251751808578746,-4.260544937123737,26.7569930429574
1769,-6.264064144083878,-4.305332119796742,26.403488533758228
1770,-6.262529557724186,-4.364698756257039,25.88795280669534
1771,-6.007646661187348,-4.522158378886748,25.172218333584848
1772,-5.699329952346097,-4.486405899858774,24.836679700463197
1773,-5.597342872360384,-4.784191251451972,24.37748448296636
1774,-5.495663899270281,-4.819456470855956,23.88358958560032
1775,-5.32348629174634,-4.8984001419897485,23.51968718140977
1776,-5.268333917889102,-5.117662230154491,23.0469109524468
1777,-5.258264706758336,-5.330469545410541,22.68853191692441
1778,-5.253253364564278,-5.45156972236701,22.65182781333079
1779,-5.2778681432209185,-5.493953479527139,22.04342546408918
1780,-5.297152103589867,-5.848786496472968,21.602765749750326
1781,-5.400762167020163,-6.169575069161472,20.97576429144979
1782,-5.480069223588979,-6.535281383437328,20.466181789646004
1783,-5.730293186315635,-6.471231248162594,20.24843372191394
1784,-5.803651374963575,-7.3936358323705065,19.988397834384333
1785,-5.952678750554228,-7.335518169193982,19.7901309521545
1786,-6.080615525304191,-7.80793951349813,19.759063714488768
1787,-6.23012880237909,-8.49078729834029,19.71063355174117
1788,-6.709315546598257,-8.433230204583895,19.714895169572046
1789,-6.745687942291629,-8.937455049031824,19.73721420241913
1790,-7.004904839712622,-9.377143215903338,19.824357598262342
1791,-6.8475520514513155,-10.836996890924294,20.182179518817367
1792,-7.363153519759328,-11.339338444016656,20.222000569588722
1793,-8.081069227796394,-11.627116511671703,20.636917201970004
1794,-8.543151278944986,-12.186971121291927,20.5530862793194
1795,-8.997913026946842,-12.572460301447423,20.47832955148627
1796,-9.113635061590385,-13.58479506960772,21.052031529909478
1797,-9.516123916008466,-13.646948986704695,20.970076653126217
1798,-9.23538818850078,-13.332411971994555,22.158774513307165
1799,-9.58470147395236,-13.738752997309637,23.007532704581216
1800,-9.33927579699148,-14.351446051392317,23.620965566910947
1801,-10.012061347943051,-14.446547927675152,24.404447033530086
1802,-10.188047756003796,-14.970077202562962,24.733705567477774
1803,-10.724438548789951,-15.271167872317525,25.498583274412947
1804,-11.175547487899637,-15.426927333252323,26.661004710666532
1805,-11.171963795172212,-15.421143873621963,27.665274494157345
1806,-11.591316047272485,-15.21668467887755,27.856521788527463
1807,-12.044042941123985,-14.933999970648145,27.250293962058947
1808,-12.484484647888685,-14.867610268244368,30.314234542604236
1809,-12.739291006038126,-14.528774682150878,31.543214013290598
1810,-12.851187797569253,-14.149764557202381,32.817142948728545
1811,-13.043699661346517,-13.47071422320807,31.54554823187942
1812,-13.090583895729202,-12.05719458539249,32.988650750328944
1813,-13.007899890215384,-7.59820180309438,34.2209680209874
1814,-12.534219667692422,-4.8022065272712675,34.272704695340074
1815,-11.11496503049083,-3.519307417109002,34.10716554986067
1816,-8.86852102649532,-3.526933053210603,33.773014749772976
1817,-8.664590759143,-3.262455002396079,33.17237427355581
1818,-7.765375947486885,-2.6840282702447693,32.15134282759676
1819,-6.882492417509522,-2.209816402772044,30.969181449264976
1820,-6.238356192427613,-1.8590412493562307,31.301778096742552
1821,-6.381084261720336,-1.5485711399148587,30.766384944579887
1822,-5.921714579361842,-1.3802778280383965,30.40422066707135
1823,-5.899945285632374,-1.1239606266269402,29.66965442665077
1824,-5.693940895713218,-1.2056461529273002,29.053309379071536
1825,-4.927856474606398,-1.151972914805218,28.095070333617517
1826,-4.4749902641311765,-1.1371070245580428,27.321646047905674
1827,-4.111570288876576,-1.1593368731501763,26.20743887676029
1828,-3.7465945418902846,-1.2982585327784018,25.56360592971566
1829,-3.421747731993942,-1.4854728039691587,25.112654939975737
1830,-3.3231986497441515,-1.5802117286519155,24.55134063180209
1831,-3.1678867282957173,-1.706105546880596,24.363434735975268
1832,-3.0378134921495716,-1.5808568097325826,23.891499499059957
1833,-2.696636364167346,-1.4205805450729632,23.001091358593783
1834,-2.1564675709489283,-1.521356780378773,22.78215895611462
1835,-2.157733627568924,-1.6364753209391236,21.792517837038343
1836,-2.0615987782218337,-1.8094435765276238,21.369271036348376
1837,-2.0087708258411365,-1.6405157766327436,20.845488844032417
1838,-2.0332714997554278,-1.9304909001042678,20.522169495454072
1839,-2.0236051676307065,-1.9193845220101027,20.323269694741
1840,-2.0147691592608306,-2.0607374295334253,20.149596347801403
1841,-2.018329155277602,-2.155515119529557,20.63807572353228
1842,-2.041704362096669,-2.205935625413341,19.991630862867556
1843,-2.058708007894955,-2.5658744079678018,19.268206954668692
1844,-2.122226584848515,-2.6532597247585996,18.825321921076327
1845,-2.1799896615429746,-2.769465693944749,18.854171800649063
1846,-2.239824641555346,-2.919262357699917,18.24206385789822
1847,-2.300585936781927,-3.1922877493526327,17.23342457169511
1848,-2.4241827480833296,-3.212876056024116,16.589111731043776
1849,-2.4980293792878085,-3.4324436585542655,15.826244215994981
1850,-2.5817067378929517,-4.095587145379908,16.41963475712511
1851,-2.6140660676080314,-4.42162052158473,16.341147467996613
1852,-2.998430008744896,-4.8579520205821565,15.90840371094463
1853,-3.551509812280647,-5.46383362634286,16.06012058292063
1854,-3.7907760262740906,-5.726344346161595,16.05973755669198
1855,-3.9237469032456707,-6.031821034583519,16.05730242537297
1856,-4.084325479831688,-7.220609572492198,15.90787719776316
1857,-4.338783300479611,-7.676200578343073,15.719882991046084
1858,-4.662298105298561,-7.988082846711873,15.537719841297621
1859,-5.092456665825335,-8.44794201713379,15.476515326954383
1860,-5.5418731624725694,-8.944099761913684,15.482696111874438
1861,-5.974155869384547,-9.455433659595862,15.712775189576748
1862,-6.5438050543154835,-9.816850152272137,15.798452813269275
1863,-6.960887448382218,-10.89893839587748,16.13671163157134
1864,-7.368934651434824,-11.591516847966936,16.732713210034408
1865,-7.8168864871376,-12.487577342255705,17.145187354645547
1866,-8.54109940037981,-13.339286847619242,17.21556783575254
1867,-9.063419540778781,-14.119314495584689,17.69977719791492
1868,-9.877316794993893,-14.922894990943204,18.461423882753593
1869,-9.97626706501874,-15.341882086899156,20.00589782514108
1870,-10.036468761714234,-16.0593589587219,20.6378740847269
1871,-10.682845390961553,-16.799735240754703,22.174938799826133
1872,-11.61129184045276,-17.76903406666408,23.43048242902292
1873,-12.697998367466658,-18.72020368032481,25.778903367081384
1874,-13.54923627027696,-18.795498174285402,28.46043762163159
1875,-15.29486736685479,-18.756396953926696,32.354040903537125
1876,-15.350338054867251,-17.29127271920199,31.19316622370329
1877,-15.82510330921929,-16.666666255877114,33.480063864827926
1878,-15.89314162423269,-14.863016642754873,36.38604675336056
1879,-15.81004439180516,-12.977067775971307,36.36979968930538
1880,-15.477743509545245,-11.830959685374815,37.146049907184484
1881,-14.596735825060017,-9.401295480777474,36.74176385530676
1882,-14.580650803618138,-7.536615558373886,37.43596471050968
1883,-13.690801315158922,-6.602050556040183,37.611427391482664
1884,-12.62983125461226,-5.335637544542091,37.57253754732961
1885,-12.209954943073399,-4.02138438195295,37.213579612706916
1886,-11.760026963241167,-3.8581614020812998,36.879405396914876
1887,-11.675079000072843,-3.343041920961764,37.44672950310621
1888,-10.168194096453167,-4.8605327000619996,36.03749985464848
1889,-10.004106331698827,-5.143397788991324,34.98952867571076
1890,-9.321341596483876,-4.418606472356684,34.7351026639253
1891,-8.476684043485212,-3.6615684281393777,34.21802951662273
1892,-7.939460864620843,-3.055055815306091,33.71332184210067
1893,-7.432678324607446,-3.1146533681536694,33.3235421489786
1894,-6.472981567054931,-2.9179554355934663,32.46809118099177
1895,-5.884276800964772,-2.573866412837238,31.892993658965942
1896,-5.757726222673017,-2.3196586264548227,31.206065980730553
1897,-5.4937068723536155,-1.7227996906300453,31.341925460638326
1898,-5.040799928492966,-1.5354604456917396,31.193052639602076
1899,-4.618690927354292,-1.0084988202242804,30.499810530238538
1900,-4.420233960412013,-0.8466372853334307,30.972741841614365
1901,-3.8094501751789163,-0.7340101229133257,29.976210617661792
1902,-3.3119492233381203,-0.6775450917069372,29.264355117462184
1903,-3.128617511727017,-0.6571717606952547,29.00092401898402
1904,-2.8471165260071674,-0.605658350436544,28.84377364358094
1905,-2.25011772762516,-0.5748453514465385,27.76540562305853
1906,-2.157379553030605,-0.5744341638829329,27.057693828260934
1907,-2.0629212747902868,-0.6045630939484676,26.581709926743432
1908,-2.117661976220943,-0.6183108243948261,26.200633774644977
1909,-1.9756457476152436,-0.6479424961992566,24.419048398944557
1910,-1.7921197426478321,-0.7415712101809859,23.034983684646058
1911,-1.5752778339800433,-0.8318331704910389,23.12761573462112
1912,-1.4282185213354666,-0.8901197678020986,22.494969285210104
1913,-1.3722101157402526,-0.9544217406740181,22.888098365246737
1914,-1.32588669033575,-0.9923748611096669,22.370361970085824
1915,-1.3370086046609932,-1.1241227610704299,21.95881822294494
1916,-1.324595118504397,-1.2656884651839937,20.70320864265532
1917,-1.3208525201640862,-1.3648446740053282,19.776130731624427
1918,-1.327021803724191,-1.4133406891216826,19.251540905228232
1919,-1.3195034013064486,-1.437563112963767,18.734473900989205
1920,-1.3463789371637918,-1.4572121358583316,18.0892123802324
1921,-1.362262772485509,-1.5845808202154592,17.723937411116655
1922,-1.3703829310148032,-1.8961320656905352,17.116695676259095
1923,-1.424574066792767,-2.030128491699599,16.535609861393237
1924,-1.493546713613898,-2.1805526943168796,15.482897891247537
1925,-1.4498638274705093,-2.351549748918868,15.22439288665022
1926,-1.5167756020645227,-2.477018329973007,14.493572979830084
1927,-1.5406768685754726,-2.708596146859305,14.275447290702983
1928,-1.8224611602785699,-2.9389957209809094,14.01232710444733
1929,-1.8691052767658185,-3.358439567788074,13.926114539665589
1930,-2.0318522840498403,-3.4085117992850926,13.695643882250733
1931,-2.0762835851493233,-3.5581703714591097,13.434985668169181
1932,-2.1087415350774137,-3.8227175581558,13.183771687110518
1933,-2.3438774463473897,-4.088530091625069,12.773248096438566
1934,-2.4990057126046734,-4.427716866233443,12.522771803701378
1935,-2.550098363812393,-4.757153788392014,12.503463542940873
1936,-2.4662679822121953,-5.073228393455043,12.209734161811234
1937,-2.759225187488255,-5.685503351492622,12.088392822597237
1938,-2.8508766724256525,-6.11574704685419,11.924916624558296
1939,-2.8975460328479836,-6.456549695015958,11.797372252094787
1940,-3.3752369508095987,-7.227921401005592,11.697311484118373
1941,-3.5880751628207284,-8.063089215974026,11.638229649430498
1942,-3.962149806242842,-8.32471664982677,11.580757076012734
1943,-4.60761574506856,-9.299661929428087,11.602203084929902
1944,-5.156107722878619,-10.151081647427445,11.804592660181367
1945,-5.491138217966385,-10.546739445766834,12.015104330589931
1946,-5.781124571438986,-10.684349227693168,12.12532502558273
1947,-6.172500636551043,-11.568571378057552,12.379492982732765
1948,-6.733348408106831,-12.445106182598941,12.76487335857432
1949,-6.520488285152639,-13.77303226164505,12.608075549100413
1950,-6.779266715858421,-15.04224905369253,13.395599660736286
1951,-7.255135456651544,-16.641412643995285,14.522719274953076
1952,-7.869206456210558,-17.480746413361633,14.478117128261683
1953,-8.460793515880662,-18.90557852179176,14.3158722255006
1954,-10.027854905830733,-20.263390783632587,15.553373771725866
1955,-10.875858614877977,-22.020366871937977,16.9534182781565
1956,-13.741904386577865,-22.603722665220857,19.470430277068125
1957,-14.728489578386986,-23.30796214532037,24.066971633968073
1958,-15.65939872334124,-23.418676827070605,26.68508520568431
1959,-15.249736200699054,-23.397546229470034,29.090782530751092
1960,-15.940568461281474,-23.108292296273554,32.49291932838142
1961,-17.005149544177904,-21.365904653950185,37.23922907927402
1962,-17.42204791854308,-18.57652738606254,40.07013864752933
1963,-17.438776231730714,-16.4632069001893,44.849917433599174
1964,-17.3839389673008,-13.643010980101353,47.40739170415817
1965,-16.53924691290907,-13.380512267939803,48.156112052300365
1966,-16.44694177059052,-10.56702359754414,48.93224365795803
1967,-15.917284277515494,-6.898319260158601,49.552732665976905
1968,-14.806695977861564,-0.3416292067772284,49.24315487279121
1969,-15.05295132765914,2.645109767670955,50.93075893135546
1970,-15.792054615346457,7.812691111923657,44.52298526492759
1971,-15.473543670717742,7.871306374923748,43.289186781313056
1972,-14.65794885289739,9.968591647707736,42.46107991441504
1973,-12.93379395638375,12.702769829225137,43.10144663962895
1974,-11.975983692722611,12.889730114311678,40.716435696212706
1975,-8.495973928072866,15.957542592257358,37.69845056527793
1976,-5.529542216090444,16.93325227757358,35.76734777246824
1977,-3.081126099240911,17.387665737620782,34.338773368241256
1978,-0.6410316428469467,17.408882516008862,33.429361140020994
1979,-3.317694906476577,17.33675072977186,31.86715239455784
1980,-1.96153824524967,17.31694403653487,29.822237524800236
1981,-0.25496301207868544,17.326317981121296,28.452059935732997
1982,1.3119713146908638,16.970156389902815,26.974308135837468
1983,0.624741576771323,16.735492548337426,26.05549604045583
1984,2.027107923338955,16.40168977944576,25.026073487397785
1985,3.608241434823575,16.31685250800379,24.77019279896899
1986,2.455098861928147,16.27583233241306,24.677402668665096
1987,2.923816600022593,16.273039174709794,24.405944184199804
1988,3.1294602780211647,16.20615448932108,24.133567608752347
1989,4.024171599139817,16.224157237227274,23.90804980036733
1990,4.868093835586306,16.2287016909081,23.88955828020926
1991,6.490217889969877,16.253132767002757,24.06903739845653
1992,7.724401721842832,16.29146256841695,24.39021858985605
1993,7.054058865681406,16.411149876553687,24.762083375172782
1994,7.483342067484129,16.414585320644097,25.400757976660376
1995,8.571084944756782,16.43875746007727,26.061147848424255
1996,9.784607101586523,16.442353380915847,28.178480470820883
1997,10.86686283258243,16.276880450467207,29.013416590749223
1998,11.561563553696812,15.952712117205602,29.023098392592146
1999,11.86396017101502,15.814004207777849,29.889412910510213
2000,12.433183286918016,16.06793159594259,31.106961307936963
2001,12.053731469058537,15.393507867330104,32.35137802305798
2002,12.022769307081061,14.839383408783577,33.153006643205664
2003,12.347602456377388,14.050261094916713,34.66480846922104
2004,12.612685669906297,14.719136070109084,34.173989973973825
2005,12.724267399211687,13.451086879002078,35.66582783805825
2006,12.82318781424229,12.427245490610673,36.736231477890904
2007,12.823053536281467,10.999090905604731,37.20826253494606
2008,12.52639108398267,8.742796591940492,37.7423996529548
2009,12.098414293598461,5.90298099745479,37.907431255247225
2010,11.464501897974051,4.177805150915726,37.60910563284085
2011,10.819030169758754,2.5636075350439977,36.48481614941917
2012,10.356119784803452,2.009558195084351,35.250737969679136
2013,9.476386800982949,2.6757651008748007,35.00036132163442
2014,8.706248164531859,1.898201014760224,33.88414993031398
2015,7.988995325881856,1.5263558155532806,32.37731589942983
2016,7.599408955339721,1.4218380364879297,31.382696166612106
2017,6.76227278973213,1.160003632412797,31.48040671717765
2018,6.144523028890538,0.9051477032031818,30.761878704045596
2019,4.622499660020596,0.2130413300681886,30.193473655992282
2020,4.266965366972227,0.11943816449746093,28.975756151819297
2021,2.861043475894754,0.06580308036930543,29.027051999651654
2022,2.874993495139424,0.04418834436857611,28.530551258560727
2023,2.5377068832653826,0.00990501571792625,27.78380446624498
2024,2.1263841922244917,0.02212202246881958,27.393696344707617
2025,1.9093608435911518,0.03531607480498848,25.858134299297298
2026,1.5212504306163215,0.07923828371833211,24.846828255108132
2027,1.363591240090007,0.12328711284437185,24.690208818228353
2028,1.5714840624924278,0.1711301225923681,23.30574977424839
2029,1.4293710014427787,0.31949790292945446,22.29165553051906
2030,1.24913817913332,0.3690032771086714,21.508228013396003
2031,1.182819457660489,0.35097056627013734,20.898685440549297
2032,0.8850251624917175,0.4358031348508887,20.39488816191092
2033,0.8235073373940253,0.4857218505693925,19.212819474350837
2034,0.8727560458045001,0.5427774346556786,19.05019526354622
2035,0.8431367202147786,0.6627967169326413,18.107917446962126
2036,0.8222404802675437,0.7083248614874368,17.92661981479816
2037,0.8127826134504417,0.8788681542491845,17.436344156699715
2038,0.8155753964684572,0.9553014252187565,16.771422263017175
2039,0.8364620823867311,1.074983844948563,15.985828293430185
2040,0.8450476972498466,1.149805118784769,15.281513020536577
2041,0.8583273043204006,1.2662320460541272,14.908106718995079
2042,0.9461965799043281,1.398505528397159,14.38945467552406
2043,0.8859723116324101,1.5747400076644043,15.525615239597293
2044,0.9205770635784651,1.3239514247294688,15.4320643665601
2045,0.9144632016523296,1.471130577911871,15.648638659721824
2046,1.0237493566970854,1.5116635259520625,15.724177960853481
2047,1.03713503805984,1.7349503923469183,15.398483767447674
2048,1.2391540619657155,1.8133697798460657,15.025670730892719
2049,1.2798840377004403,1.8825327226147015,14.674247929867255
2050,1.3319208094610637,2.2254053786100934,14.243337884145909
2051,1.4538915390038725,2.3920908993113117,14.027340715434086
2052,1.601413722616416,2.718527690386429,12.536684991454857
2053,1.6609998252119726,2.817471412298953,12.265962495194026
2054,1.7502598867962502,3.1809022414726567,11.77710264645805
2055,1.8878361131295587,3.4445745100930734,11.536768766233843
2056,2.013862435264074,4.0618238497811125,11.166561093275424
2057,2.2860944499113156,4.270704447729358,11.115325798738542
2058,2.4894590775461554,4.499490280514805,10.98239729828952
2059,2.67852569951231,5.183200502935626,10.7965217183839
2060,2.88436183745008,5.3071731878725315,10.76732833306239
2061,3.1903799949922282,6.519701568895437,10.462307403506136
2062,3.315801038320191,6.795592319568999,10.393464812075129
2063,3.7807604039670117,7.436539835541894,10.35919049812106
2064,4.092803368573132,8.198259353135409,10.3620653069624
2065,4.02169451576898,8.535848673279192,10.34998387789157
2066,4.885240732163772,9.470859091040772,10.39911739048772
2067,5.650659609575358,10.485472765083022,10.563870482995085
2068,6.2749206505835105,11.164873149408153,11.036675047329139
2069,7.1321698205950375,14.631016938791849,11.58433274826457
2070,8.62543720252666,15.546038146109948,12.37116715822879
2071,9.264970138818791,16.930558529231373,13.42057647422067
2072,9.714388139713254,17.967599326793263,14.855526249960068
2073,10.154346344295254,19.24881790077943,15.913016822538959
2074,11.136554856017643,20.331920248915388,19.545349193185494
2075,11.931641378231918,21.02853003506581,26.266331315160425
2076,12.450170697186836,21.024889571266037,29.18768356343904
2077,13.60763348779768,20.916674702018582,29.84062696830137
2078,14.131965264440243,21.29436804524879,33.346755987630786
2079,14.376868313402358,19.978714147438495,35.04525377048617
2080,15.765460270216863,18.85945960828183,37.57756015672739
2081,16.127957394781607,18.48133748616604,43.18775343887346
2082,16.392715109807018,15.190587970371475,49.207280291637616
2083,16.225097355478955,13.49791728453457,51.705386247203
2084,15.877819259411439,4.822917742185446,52.495176466190614
2085,16.127506765574907,-2.269630224511519,51.68007082037703
2086,13.073954700342199,-8.693362313048986,49.70575240554599
2087,9.972062093262803,-8.85725265551742,47.20089224125504
2088,7.328870634363479,-9.517596503729377,45.82395449761408
2089,6.692830480525639,-11.98639877377275,39.979764700139164
2090,5.769079900522782,-12.698577031004632,37.09541674423807
2091,1.086920150290978,-13.533689535165031,37.482754092992096
2092,-1.3441697700475723,-13.503572705823993,35.63378127892181
2093,-4.00001390188927,-12.856238123028328,35.05531597130994
2094,-4.970111500746597,-12.640652597410178,35.01775860104287
2095,-6.184928124093325,-12.094185687310866,34.65184950211112
2096,-6.606341582289852,-11.79869779613316,34.47911367173788
2097,-7.868002104796588,-13.259217595215409,34.432331594912824
2098,-9.852889825218664,-12.499134967812678,34.565842050057476
2099,-9.996966894076662,-11.441815827729851,34.93056531711561
2100,-10.203437159964256,-11.082696409790215,35.119295683109996
2101,-10.299995642363642,-9.363480173467169,35.373746880943045
2102,-10.238413686373061,-8.126039267537566,35.38581349076053
2103,-10.04344157091268,-7.462819226600742,35.26603662745562
2104,-10.413862555955282,-7.022348840003641,35.40538711660549
2105,-10.445174337386048,-6.410743168997813,35.273356409864725
2106,-10.463011790906506,-6.851299857203834,35.085661268718766
2107,-9.838490950216896,-5.577367201885867,34.51666741662459
2108,-9.10644356122859,-5.1545949683195245,34.073058367010574
2109,-8.793604720431697,-4.744945943647596,33.660254286673776
2110,-8.479701970818075,-4.566225638205865,33.32330643584867
2111,-8.867132143797514,-4.150052150883701,32.790489958201704
2112,-8.975445920900949,-3.6538786457195465,32.458808804963006
2113,-8.307635658896816,-3.2928790707172997,31.759732622031155
2114,-7.730081283402973,-2.835924145025472,31.147427103406564
2115,-6.849784100104853,-2.910689627876855,30.553887347078557
2116,-6.801659152896488,-2.768705385206998,30.16278457602282
2117,-7.249244764772433,-2.6715347991931875,29.004132659372797
2118,-6.895793123103186,-2.5128886145418368,28.200793979699633
2119,-6.510132603382119,-2.4923616195201763,27.671453841438176
2120,-6.256688008816063,-2.4881598224417814,25.656504746627423
2121,-6.0698405142862075,-2.589307296278417,24.548971694571584
2122,-5.839287201385736,-2.752727617796447,24.11594304167751
2123,-5.620241861550362,-2.9256210568041405,23.57453009321897
2124,-5.320271955154988,-2.8473900770112905,23.263481792237723
2125,-5.062620996084077,-2.7612385236930073,22.678087177807257
2126,-4.892583960230444,-3.0131502702885213,22.026108829524446
2127,-4.35781309425989,-3.1691147223104115,21.386233072845922
2128,-4.303428430367619,-3.2848287224290886,20.6994454109149
2129,-4.388360021893225,-3.5390241894185337,20.293495380743025
2130,-4.238758774470907,-3.6379997072090693,19.710880042438376
2131,-4.13176490834565,-3.8455439788931476,19.461158387411984
2132,-4.071734266822801,-4.220565171373913,19.010635725327425
2133,-4.094092629931159,-4.499927059493603,19.01658626263354
2134,-4.106880405260366,-4.783851855374261,18.73722263100819
2135,-4.147952725015877,-4.9960270427443385,18.20846769756351
2136,-4.242053939187797,-5.4426016846970064,18.312278812689485
2137,-4.3531050568764496,-5.694781740738842,17.860964491946383
2138,-4.4964797868257085,-6.5880108011943,17.81969083574905
2139,-4.619061673938614,-7.087738256784001,17.55302585882544
2140,-4.534641287797561,-7.74756501611709,17.460442134419477
2141,-5.065511510868037,-8.243287487333461,17.427401113115927
2142,-5.289152695906635,-8.748698522603588,17.385883733254555
2143,-6.210992600449089,-9.335348954602418,17.384847213802953
2144,-6.7363489656544475,-8.409146476521945,17.55113165179451
2145,-7.208287689203223,-9.184203106442865,17.725699173055144
2146,-7.471495235923694,-10.351205990510138,18.018063298718236
2147,-7.551624770049703,-11.032764768404343,18.268382774775347
2148,-7.400888000626349,-11.697612956415565,18.44757277640514
2149,-7.458675207816527,-12.119808859951005,18.76357012024924
2150,-7.673346019794604,-13.190126313645017,19.729318841011516
2151,-9.204407712195795,-14.863380890147127,20.1525191110396
2152,-9.593985879770134,-15.141061994575363,20.693581803593755
2153,-9.963458353824688,-16.385991611284094,21.01674561644628
2154,-11.159539996762426,-16.84202510682377,21.802386941092255
2155,-11.12214870157348,-16.54507127687576,24.076563112858917
2156,-11.53948625606469,-16.459052146069553,25.198574511302898
2157,-12.303462622330542,-16.566292102531317,26.835330914057124
2158,-12.372431684108214,-16.549733844562947,28.756512348690546
2159,-12.364965917324144,-16.347515419800793,30.159672997747727
2160,-12.763973101011725,-16.040067955756122,29.869910842935862
2161,-12.55360939198808,-15.118191113937787,30.860872564145904
2162,-12.790980173773091,-15.699861213604214,32.22077735009354
2163,-12.737912137959682,-15.40393749092507,33.56347168529908
2164,-13.00095801876466,-14.56152103402715,35.865133615805696
2165,-13.174143440362366,-13.468802372352236,36.63277113113203
2166,-13.231863640278673,-11.460259189759743,37.12351063580581
2167,-12.91537887190938,-9.74318591814488,37.093385521841874
2168,-12.488895433351443,-7.31995222636149,37.39376974179969
2169,-12.022283523667882,-5.2112871372964875,37.44734236705081
2170,-11.790187923707345,-3.5571316764955063,37.10335326537861
2171,-10.990193828816588,-1.3592578861709064,36.47302661518996
2172,-11.976327227277489,0.7471261165314589,35.650620867716604
2173,-10.101910285519073,2.874209940583059,33.16120563264613
2174,-6.6284291362610706,3.5207262319836525,31.131263752713956
2175,-5.706805929026987,3.548916488721506,29.764781361120257
2176,-4.43635116848685,3.695199176521708,28.950666269848025
2177,-2.665752764297883,3.698781565633759,28.96139694230161
2178,-1.0328510754945786,3.7033974968378205,27.97286947097236
2179,-0.9809950850431625,3.723657690205971,26.881599505138606
2180,-0.6746609951237279,3.6087174686809016,27.95938522939011
2181,0.26211554518682,3.4951682156338872,26.174735639953433
2182,0.9004016057429391,3.458946854464401,25.702697654641316
2183,1.1588434054335879,3.446048526587734,25.233373171937554
2184,0.8566846470070129,3.443520261532954,24.747324276134265
2185,1.3712386764792128,3.4362422141218265,24.343960480676266
2186,1.2330831978942727,3.4550553907530785,23.40793710284802
2187,1.6487827607593515,3.4840870549985508,22.51044696246378
2188,1.8857179779722337,3.5696636166946982,21.978782673643487
2189,1.976869556117801,3.7062052436436694,21.044694492005213
2190,2.429061478705428,3.846230792388375,20.47896878978482
2191,2.4700443620351096,3.7899407436301527,19.826174209404247
2192,2.86780340084927,3.996072924822598,19.41168094215567
2193,2.9929885834007024,4.2998773828382335,18.770801242110572
2194,3.205354546726691,4.811327509122827,18.38799240566848
2195,3.109373819929795,5.0975252954147745,17.48722620099557
2196,3.314435546964622,5.383952854941646,17.134777676867696
2197,3.4291349942706515,5.450175391819275,16.566202359348818
2198,3.4377125430323665,5.799809001483876,16.278986961045213
2199,3.680119040115523,6.205732522359935,16.07355499838163
2200,3.790329491041067,6.525000914318295,15.538030206755783
2201,4.039026757821736,5.924580350670204,15.418084956541486
2202,4.238577761123731,6.621679503257186,15.25370479021771
2203,4.615844236059919,6.970182703936134,15.246209367269156
2204,4.747260939402585,7.351446738510684,15.202819362160115
2205,5.5834191586264295,7.797215571703282,15.155012102569733
2206,5.71237979021087,8.453321647472489,15.158801929560585
2207,5.980384480947997,10.564763208136476,15.211248374259485
2208,6.664571201335124,10.70163587823593,15.353164939643975
2209,6.946552323753088,11.392597165379247,15.386015206161991
2210,7.178094838038455,13.075788669237657,15.26962918837913
2211,7.616043597817668,13.941091864797361,15.471746395964306
2212,8.761670062058316,14.694758502552846,17.298537236479532
2213,9.905006560887143,16.099742403938855,19.406835091516605
2214,10.75698787572859,16.613235217192422,18.401508904265075
2215,11.656824147969168,16.585922207328423,20.486902638032493
2216,12.241570862976413,17.963346799738904,21.44807021235446
2217,12.503250263682766,17.59249772958923,22.74620245274654
2218,13.383153554753026,18.61748058945828,24.308299200935416
2219,14.046791292254966,18.72891907817746,25.29183017254418
2220,15.81024325795577,18.962586940487412,30.06897836128524
2221,16.230605083372648,18.375444370207433,33.43981100579481
2222,16.384768113296687,17.04710622323895,32.84375938145851
2223,16.45736303563891,16.91574489079961,32.03758990444371
2224,16.509159430033076,15.215379941672726,33.38020171347484
2225,16.46233009637788,14.397856320348547,35.22972027409043
2226,16.207681306923586,13.291139976659204,37.02661320090308
2227,15.911928340998447,11.377449301371026,39.43096858611699
2228,15.645804560422896,9.411745642680868,39.72310951743124
2229,15.245890631269123,8.089023163433218,39.94242413686581
2230,14.887850167056742,6.528248260447103,40.16473763518968
2231,13.554471586012905,4.228822692976134,40.00039823860764
2232,12.751508256852697,3.2140302346813296,39.42608781922398
2233,11.584414818940834,0.9162390771405375,38.03382344917256
2234,11.17751327398511,1.6939615161073993,36.62229052100345
2235,10.076576404024355,0.757302830243857,36.48392349782017
2236,10.05687458808812,0.1748042277815125,35.58897116607861
2237,9.000954366391726,-1.1163048430122782,34.63088726949442
2238,7.955010652272231,-1.5795542035697876,34.049465992541
2239,7.195844328827422,-0.4889792643522617,33.59522555525765
2240,6.62322137049772,-0.6502958761322417,32.68345811019425
2241,6.220134611322165,-0.9326254434021373,31.362360397436184
2242,5.8440142375108035,-1.3867074163900583,30.191607007284038
2243,5.208832735428823,-1.6448548504081664,27.84935948923836
2244,3.7288530437292655,-1.6292231400706831,27.103359141748662
2245,2.7167974563280386,-1.5323106855451376,26.176404637989364
2246,1.8526650255573702,-1.3785577447028663,26.46407032086904
2247,1.7132244521292086,-1.355796268882828,26.129799188164323
2248,1.0752474854011536,-1.2366866946781947,26.450417628079432
2249,0.8019992989781526,-1.2154877770604566,25.90208706228904
2250,0.5544180980294793,-1.1984577772990082,25.653343834172915
2251,0.32327078424524014,-1.2187896331208932,25.642735104855298
2252,0.16166452840438048,-1.1611074404975514,24.582957526694155
2253,-0.3237236866157581,-1.1395960432454546,23.6978493380548
2254,-0.45380604922221307,-1.1405001194683702,23.716584827275916
2255,-0.5329676105240193,-1.1487668078896043,23.058215412055564
2256,-0.611826051863025,-1.1973111974565287,22.035593222274628
2257,-0.6972630143703484,-1.2162269768361833,21.55958221440592
2258,-0.7488258933946808,-1.2788935690135739,21.135865373357223
2259,-0.7821875418201377,-1.3126741429764137,20.703675466433047
2260,-0.8218524234436888,-1.281931717043124,19.858599243856737
2261,-0.8793730124782615,-1.1720089939770317,19.111829507768075
2262,-0.9426824476949425,-1.210803989024482,18.304671752225524
2263,-0.9797145265982303,-1.329564797816691,17.989850517905065
2264,-1.0096481180375514,-1.4144791265065069,17.848455529450902
2265,-1.0483571905345428,-1.7083805210350245,17.485416308127064
2266,-1.1247171706189794,-1.8296367046616733,17.550275955992614
2267,-1.2179208452912622,-1.9456276950388238,16.3820616777665
2268,-1.3267630669055699,-1.9866224848031684,16.809236548175136
2269,-1.387868993598604,-2.0190646691479475,16.501715606172358
2270,-1.4139906691500685,-2.160038750366276,15.798720426033496
2271,-1.4985218742489077,-2.297375939993332,15.220882112758819
2272,-1.5283517851455553,-2.6380810238552055,14.729347936919313
2273,-1.6188546159077046,-2.7237177865400666,14.214369201057515
2274,-1.6562239008712316,-2.7898529371339276,14.006372887573605
2275,-1.6393950537506858,-2.88887580325272,14.132432108640963
2276,-1.9581063800134983,-2.6573069515034975,13.775318168082755
2277,-2.10576144139922,-2.808983302455097,13.533879394913567
2278,-2.156913000462136,-2.862896781507325,13.407345901864153
2279,-2.197404152434732,-3.187575050980788,13.359980384031807
2280,-2.2374131980868515,-3.6520699024598025,13.091358282466956
2281,-2.3724564026878996,-3.906498616301641,13.049045158952364
2282,-2.3941124807373027,-4.318396439642708,12.641101605862616
2283,-2.4652883021012557,-4.692323898432022,12.374057742990647
2284,-2.7519012942473626,-4.956510374452739,12.519286023338754
2285,-3.087197792201684,-5.376751702733782,12.10262012567582
2286,-3.270407975292318,-5.990348665580859,11.788356265543753
2287,-3.422463214330587,-7.025829096689257,11.679579638156167
2288,-3.990513823711349,-7.3371593070661145,11.59669844757758
2289,-3.94255639595444,-6.446271828593339,11.575808812504869
2290,-4.544146986478199,-7.3870066584808765,11.479653153104023
2291,-4.793574893011266,-7.9643673254803575,11.573408724244747
2292,-4.767164831499218,-8.58107833053935,11.672765138084618
2293,-4.475317271875086,-10.585143785035967,11.803900297871454
2294,-4.751344603824353,-10.890611474536794,11.915213975286317
2295,-5.445302919059313,-10.885508474739341,12.196075266060792
2296,-5.778757335291623,-12.482762464452394,12.358446781985153
2297,-5.983551113491452,-11.398837486493443,11.858650582601125
2298,-7.152661119118609,-12.695799213311785,12.076306480483579
2299,-7.912213603601407,-13.456850789239635,12.809003715855374
2300,-7.6735562819558805,-14.782785396275354,12.159883682018393
2301,-8.267953634259873,-15.678459657513224,14.227734451914877
2302,-9.980242631725748,-16.956689088693313,14.618433102106478
2303,-10.859686513150574,-16.826689955458303,16.286714842165143
2304,-11.913864301343501,-17.87491616504466,16.375982516341665
2305,-12.514744805425927,-19.250820746414647,17.804959141883135
2306,-12.928437095870768,-23.4193937320976,20.19442987397676
2307,-13.489259535193217,-23.34002087156163,24.220721024958383
2308,-13.773293596690955,-23.589721105039978,31.128913495572885
2309,-13.709872865388439,-22.423462837929954,33.51939378989766
2310,-14.505060310450423,-22.079756218067207,34.49280077238149
2311,-14.508312632252236,-21.785876519989134,37.01135445252681
2312,-16.66764814798454,-24.16580366343156,44.09205382597499
2313,-16.708423406129516,-20.71803517398874,47.394966467313424
2314,-16.9834235756168,-17.48161085152345,50.776345888471454
2315,-17.065573084790962,-8.745212229300192,49.61270765802239
2316,-16.727260853255807,-7.768546185971394,49.8328452518472
2317,-15.602850525796914,-2.01339658413192,49.79688393850034
2318,-15.097435292852838,1.9233567778575598,50.74527576811472
2319,-12.815620643586197,2.0402368872016123,49.26004265958242
2320,-12.556663903544006,5.9975963837980615,45.79988901035855
2321,-8.52212750235777,3.288997567982391,42.374082126173434
2322,-7.153572892880533,4.795253910139592,39.38193490050553
2323,-6.126700409025225,5.247637517789778,38.08105166644953
2324,-5.186590215358145,5.287218926098228,37.34295378776364
2325,-4.836299534871379,5.815386044179311,35.88832870929233
2326,-4.978315925562983,5.98621391094033,35.13425338580236
2327,-3.5990188714065185,6.327724589863874,32.046782994442374
2328,-2.6989184544302827,6.42491993396775,30.92301166294884
2329,-1.5507823051816676,6.45091352970897,31.707906861813388
2330,-1.0238561387211587,6.443356479006368,30.563608895889338
2331,0.12405255907207291,6.38136220495937,30.295831448949635
2332,0.8760202874952565,6.295802452815975,29.30680465329903
2333,1.4989760964592567,6.216264999174673,28.26639926330253
2334,1.9923940705668919,6.183115222266998,28.01811867669952
2335,2.5278473719902816,6.092947445224874,27.12180698755199
2336,2.7343620729173344,6.135846956069122,27.279687119701933
2337,3.0170314344633153,6.154758293800522,26.84764562812307
2338,3.3036143229049104,6.14776745411278,26.67515627944355
2339,3.6885005966864366,6.12708337556222,26.183106702974776
2340,4.5344436600703535,6.130863875545834,25.7982552180844
2341,4.722538993907226,6.127238575375756,25.293734445355643
2342,4.8653959709561025,6.2414145962430565,24.777872730143137
2343,4.912413544847809,6.302550358720676,24.460239570927563
2344,5.077233016594036,6.410690995477616,23.702766337664237
2345,5.26220442476564,6.6144117436088745,23.197772866891494
2346,5.375222499177228,6.706967892888649,22.753080260475897
2347,5.6725093888135305,6.828042510065303,22.762266686182794
2348,5.826166377447624,7.0777454738512,22.483374643734578
2349,5.9573592963119815,7.055895750022839,22.507148334286853
2350,6.121288509472476,7.291672937553105,22.334918194678327
2351,6.15024605388843,7.443139172585848,22.226718069501267
2352,6.340213885342982,7.6834478098260135,21.898806663746665
2353,6.478784990512919,8.00638409070593,21.83203853171752
2354,6.811060784176281,8.116641453163249,21.67987092665684
2355,6.94231298867106,8.40709769431911,21.68077805047271
2356,6.997634376873857,8.55608517317527,21.68485301168897
2357,7.127347551952318,8.865527669486621,21.709004030070766
2358,7.414999138129247,9.41930154233027,21.718019388307024
2359,7.843282187237865,10.010966174808807,21.82448843605839
2360,8.141795247587172,10.119419942488921,22.15546790197154
2361,8.402644958801256,10.59774402702246,22.46811025493268
2362,8.644215250805027,10.926598460599452,22.716516558393835
2363,8.708246026850574,11.342124085904086,23.248687549961527
2364,8.75500127937021,11.671657584359002,23.676500119995204
2365,9.174789930556265,11.790569356694034,24.188481249602734
2366,9.568993423334462,12.080205536254034,25.126257918307203
2367,10.042636960891134,12.27265856024112,25.71481207638457
2368,10.454320978610976,12.427907630504095,27.112221990285846
2369,10.908892410480181,12.350710835431185,26.942564614997988
2370,11.513147709647402,12.3415322799594,28.488620169375512
2371,11.556381590048208,12.148803460416001,29.661928499732316
2372,11.532032232246127,11.890581650001776,31.014438694287858
2373,11.581217884238171,11.283431275838398,31.54016071637929
2374,11.556074952569356,10.381811518260069,31.99702813292251
2375,11.016506494843004,9.73381609762777,32.239436998198215
2376,10.80498914984276,9.021466745937442,32.39584484997014
2377,10.688932853879272,8.489280383212195,32.44370954404366
2378,10.62883198327085,7.6586279050615165,32.47432747613832
2379,10.304440590527499,5.867159023282005,32.42599510422234
2380,9.620105158840806,5.148414794242115,32.02903712596434
2381,8.972100147726849,4.715615404450246,32.48823385344869
2382,9.084578655641943,3.8580170875211883,31.757444895309956
2383,7.743412848675165,3.74821898098048,31.21651545017724
2384,7.825695369120165,3.3156738328149316,30.75373919145954
2385,7.499541821478238,3.232611499651442,31.206987030978667
2386,6.794640518921773,3.383596462291025,30.563326537931395
2387,6.187779080877225,2.8066849188464635,29.671772713986652
2388,5.694018019184722,2.2984473530927705,29.170369138220977
2389,5.428029753998284,2.233528576269246,29.14376561611732
2390,4.189867538017944,2.145774854686692,28.233157234791694
2391,3.9949033543306687,2.0915619933555463,27.73377958171057
2392,3.7270764564418517,2.080108007713621,26.967602915577118
2393,3.611931452384816,2.0916185706023716,26.621275185007402
2394,3.501295059185058,2.091388947497771,26.255015411155696
2395,3.4438263770295,2.0963463264038396,24.696047718973208
2396,3.412535396137256,2.0977632933284323,24.02205829211891
2397,3.3798597945282354,2.215727853353939,23.356392514709558
2398,3.290618326542184,2.2820519199671074,22.981824507629945
2399,3.4027096298545745,2.452375088677462,22.131377354416152
2400,3.2394535963391666,2.714419254573257,22.427437452503455
2401,3.2143953673819463,2.9472338424726416,21.703641561134358
2402,3.209668480256222,2.949137110877003,22.01438162416192
2403,3.1885298446806907,3.064285728548488,21.648767854755167
2404,3.177934763886454,3.238173252955881,21.94144068592981
2405,3.1775719404957288,3.307020297852844,21.596076895099447
2406,3.1885676249237034,3.496199365077067,21.145253393186696
2407,3.265058749737114,3.710764592625226,20.97694442623925
2408,3.2927756057404607,4.030664600940712,20.34302714750422
2409,3.4743971206701096,3.9694835962852717,19.854076705794323
2410,3.518215615397183,4.121623129951346,19.751714935848998
2411,3.563517127675502,4.464453040157816,19.679984704800642
2412,3.4987664797175344,4.606632986728378,19.727774330613283
2413,3.52942482116522,4.867865754515174,19.352464180827045
2414,3.6181692580979017,4.641694555900753,19.09244650659309
2415,3.825036089195452,5.0147515629536805,18.57878110572467
2416,4.134474987855358,5.369531262784387,18.112141655274872
2417,4.4404006500249125,5.666143293187961,17.974309510424224
2418,4.405874765541924,5.704247180501458,17.55520584192243
2419,4.53009802203943,6.197838198915521,17.092025639430556
2420,4.848237191160112,6.798906421052217,16.83255628806483
2421,5.063027918036689,7.196251028726037,16.74178493646404
2422,5.243690192215396,7.257282679804616,16.663292576652207
2423,5.466355303813115,8.004110871023919,16.63936813679782
2424,6.125614792178214,8.466368658571431,16.634063908774774
2425,6.490985529331088,8.972825797793991,16.698159930831437
2426,6.686952106898935,9.211860237826219,16.819143959738565
2427,6.307355097464496,9.296450708779021,16.94871686628637
2428,6.4248610520222895,11.561098945137404,17.058553680137496
2429,6.950114976800206,12.398469262697422,17.3512956805523
2430,7.789766099009539,13.162785108382463,17.63698853386208
2431,8.507192571580278,13.806594676605478,18.256468746946844
2432,9.624613189010866,14.28622500327673,20.579078698989058
2433,10.733011538842117,15.224137451143491,21.07319622881871
2434,11.502041937659671,15.35551113361008,22.42587844889718
2435,11.979761354835283,15.873301391168068,23.043197931586043
2436,12.3416804440948,16.613572044151272,24.259173141775012
2437,12.653286974944065,17.227300411118467,25.333100921060993
2438,13.18065868914944,17.295022798771168,26.05314409809333
2439,13.441640961013217,17.337636377767883,28.231089316376604
2440,13.811122030474845,17.154392706113594,29.803170694784384
2441,14.620658538492076,16.702177135069547,31.206759438181006
2442,14.902395021171838,15.731274561504147,33.73975771757809
2443,14.929673035150756,15.55290756675649,35.30535741052827
2444,15.177965417775676,12.483570172608113,36.561592027173646
2445,15.116272739099951,11.977595118561187,37.60173162979551
2446,14.907787469634824,10.727987553768175,38.4032647057502
2447,14.093195834449379,11.23493124399588,38.95617456288413
2448,13.696563338336915,9.87982004073344,39.17151708113421
2449,13.687469026459775,7.111086170225944,39.52181392665623
2450,13.153183874065249,5.597185625881679,39.449938906705924
2451,12.09243289584867,4.028905725032677,38.734332900412014
2452,10.914357051783995,2.9218039938609595,37.714932090031986
2453,10.577435830575368,2.0607659570906987,36.32493380626501
2454,9.318143126905333,1.3373311208568435,36.08671732336649
2455,8.301680030958357,2.9653806920344152,35.39640504202893
2456,7.68260925980651,1.9065308777411272,34.58683035898524
2457,7.003631278759259,1.4148780018711125,35.25862851422486
2458,6.487936710642677,1.011727024794125,34.32129318744003
2459,5.773092702718321,0.20479745457729115,33.858944465924246
2460,5.055942059539953,-0.3330448039231785,33.217878502144075
2461,4.710143511161232,-0.18905603958344502,32.401128781811664
2462,3.9979118256770834,-0.5335636641625667,32.433878623720446
2463,3.5953249768578344,-0.6801054363724524,31.84614258740703
2464,3.162543788573289,-1.0855601374472879,31.675736474185854
2465,2.814603404543075,-1.3799031544977418,30.7173280134422
2466,2.7447618521382022,-1.3556926540379737,30.09494695648928
2467,2.338342045634815,-1.384390782543888,29.537406280924625
2468,1.9310922209635581,-1.4006059091320249,30.01512323437199
2469,1.5931322594103072,-1.430645654449116,29.750896223803135
2470,1.127436604619092,-1.4522346899466934,28.48247687764274
2471,0.8261986610807698,-1.444979383917209,26.776659753084807
2472,0.5718520459715108,-1.434709937700964,26.085723445217013
2473,0.30055407475889734,-1.3992935633920223,24.905161228095178
2474,0.014479522846125359,-1.3744429743080107,24.221365955845524
2475,-0.12093323811817958,-1.360925144476271,23.539525189726547
2476,-0.14276505149145932,-1.3547286058163346,22.11016222377185
2477,-0.1999621429900007,-1.3488293131368456,21.89905754517715
2478,-0.266811803871261,-1.3468505134522841,21.29852105701186
2479,-0.3448134718200618,-1.3554996751441664,20.63078051735056
2480,-0.39440494616658306,-1.3722300063675634,20.02675374863022
2481,-0.4787609822826364,-1.3932541622203585,20.942961305526048
2482,-0.6156993969548535,-1.4199619091356082,20.785196330978064
2483,-0.6151282616795165,-1.4430556706624202,19.48625954166594
2484,-0.6912154062267564,-1.4672408779213464,19.090132787191415
2485,-0.6823309066105636,-1.5007900852492209,18.6493537770608
2486,-0.7251940447993162,-1.56756323061657,17.823195680219772
2487,-0.817636180437548,-1.650851328426375,17.324871782026
2488,-1.0549675252843569,-1.7242386251298454,16.677598610745882
2489,-1.1970221745594785,-2.039519954313583,16.64090692185064
2490,-1.364407493324141,-2.3065223580291403,16.093697224989313
2491,-1.4320078713411557,-2.4280020917478833,15.894689442346841
2492,-1.7386818077569912,-2.5486665336757364,15.213116042058344
2493,-1.834122625715084,-2.5515613236307364,14.937965029228321
2494,-1.8806657704778729,-2.6821015224919256,14.990985190556982
2495,-1.9888718508261363,-2.905991087202487,14.988655393022487
2496,-2.1742922164319327,-3.2292775727620313,14.639967566313558
2497,-2.267925156578558,-3.492381975103189,14.142451912726788
2498,-2.3904156815958437,-3.7983898489960763,13.816915322837293
2499,-2.7689962821653964,-4.095445721895347,13.379068219485859
2500,-2.922392014653072,-4.517824499965878,13.155751148914346
2501,-3.0070536498025158,-4.897688875219536,13.129953711049666
2502,-3.476381552052107,-5.343877333795202,12.947707033267648
2503,-3.6842806160537855,-5.62172213395985,13.03609170519676
2504,-3.9766396380789275,-5.276360967483446,12.898803122702374
2505,-4.155580279602777,-6.067651964488941,13.014720092295839
2506,-4.2530811433644455,-6.991806115484674,12.951573863941906
2507,-5.260984832461467,-7.520830317753533,12.927689878624008
2508,-5.832967734664504,-8.239179231040813,12.971300937863317
2509,-6.132973301221465,-8.94941058515109,13.357161018664948
2510,-6.1046546255794585,-9.303353973587583,13.663253766134417
2511,-5.855306702162768,-9.566038372489553,13.772567761591937
2512,-5.895072880989507,-8.341247325139685,13.912431601937634
2513,-6.027449528902377,-8.603148213372247,14.061414063837509
2514,-6.269931096124202,-9.603681236158916,14.154098310061713
2515,-6.595023997651664,-10.359077637311735,14.183878782537008
2516,-6.9836442662009555,-10.952647901606197,14.536585317530593
2517,-7.281914368290636,-11.391695478583133,14.824345942887089
2518,-8.577343657750106,-12.311382861498068,14.99482738878313
2519,-8.940286383703992,-12.861239684136674,15.525450789522246
2520,-9.482616366680366,-11.712298828560218,15.910237050825943
2521,-9.439784744445351,-12.170782460968018,16.65324785328984
2522,-9.65680951322875,-12.729090748711469,17.76099680833086
2523,-10.099732786421932,-12.992186953912224,18.418881407538926
2524,-10.30306237856577,-11.986217488436957,19.111192503986132
2525,-10.66014378834214,-12.464980793241851,19.829349729260215
2526,-10.721958543569581,-13.233469526083317,20.64856254115768
2527,-10.97280951355384,-13.805176820834783,20.417527726608753
2528,-11.27596451396703,-14.459233968494054,21.503382547159152
2529,-11.965244909547206,-14.687561711997814,22.372512213889742
2530,-12.526527588503066,-15.298157614239594,24.050573672422864
2531,-12.819000760080483,-15.698640954245537,24.562311835694572
2532,-13.26180791303258,-15.853062876915812,26.121189345066327
2533,-13.370525264484371,-15.984341684211637,27.766326954043567
2534,-13.604287561240586,-16.04722489641391,29.405132044370745
2535,-13.899699107988832,-15.628039858801785,30.289781487687243
2536,-14.149063114709815,-15.1141796894468,31.658585207844325
2537,-14.398583485045316,-14.201361140466123,32.50310202878719
2538,-14.358670737516013,-13.77027157305625,32.16587906255631
2539,-14.246377205402863,-13.286721603288898,34.41597361822658
2540,-14.11132820079768,-13.314607354352212,35.70929588720638
2541,-14.024927090873984,-11.020357056108697,36.353702906130835
2542,-13.759274875256816,-9.58525477265062,38.32636718609058
2543,-13.480633229227635,-8.834927156284573,38.39539040854604
2544,-13.182693788266066,-10.748186474392488,38.395501958867605
2545,-12.711168208605693,-7.0894357790547256,38.80624603214199
2546,-11.621881638749569,-5.8506547131751665,38.63502227126041
2547,-10.719976821102552,-5.796312580025957,38.381150150143476
2548,-10.416361407127985,-4.688954763806527,37.62386475897907
2549,-9.714317544409507,-3.285268677671211,36.61621017839248
2550,-10.823893778729099,-1.6288923347723876,36.02111271688823
2551,-9.653647457274996,-1.1232619767733825,34.482547849839925
2552,-9.315193809559796,-0.4610859156993833,33.20910400933063
2553,-8.949024772624655,0.20030572808916214,32.511246655069066
2554,-7.272827270500593,0.21007082398042554,31.687487601481504
2555,-6.74514162751052,0.5963371807430295,32.1674028544054
2556,-5.158469874571109,1.0507018995507296,31.27406111754649
2557,-4.223914446650718,1.3149072393432333,30.121338751296385
2558,-3.4211838749614243,1.367375120713864,29.548943555775065
2559,-2.9015560932910924,1.4156645201027533,28.18430314568242
2560,-2.2452565148841246,1.409009843305634,28.839672547630823
2561,-1.9058492141649204,1.4128889880182824,27.7881098107898
2562,-1.0329530972624674,1.3936100223649603,26.75149298491274
2563,-0.7440248116164656,1.3570750577359791,26.803445980898456
2564,-0.6235693056666526,1.3412519579172963,26.118833060390664
2565,-0.2640358184989743,1.3230750802225775,25.785645078809818
2566,-0.030423841908577803,1.2922275766143605,24.5887265832902
2567,0.12387945686925766,1.2766923031546287,23.954743772758178
2568,0.31083243176824954,1.2777433408431287,23.314609850034493
2569,0.24327912483932218,1.2712295327664653,22.723035782161848
2570,0.33476043442293907,1.2713340905286918,21.76102103297954
2571,0.553225402697713,1.2764502130460258,21.021912722410413
2572,0.6284412846517105,1.3039204468374388,20.80050577021421
2573,0.7209742210827002,1.3116738987871481,19.593538636562815
2574,0.8296965785346121,1.4853639713046003,19.17070349921312
2575,0.9739925522539714,1.5565651510928737,18.886061170021737
2576,0.9934511680387932,1.63314756611967,18.122847095793986
2577,1.0041579669376477,1.7042369006992872,17.770788785567277
2578,1.0323297173721324,1.7799377521434363,17.571756791354872
2579,1.0792153361849608,2.038617607921595,16.8419102534159
2580,1.2246635586165628,2.168054967153564,16.437792284332623
2581,1.3107741199636553,2.2680550829388966,16.186267203421536
2582,1.4888454228583545,2.381954486695818,15.837552656566395
2583,1.5542055044637704,2.5490896811366,15.839390101436129
2584,1.6411946601677052,2.4970768208227367,15.15640968644628
2585,1.7146238023182143,2.5201760593871656,14.96269030278286
2586,1.7804590677084682,2.728301655019387,14.2514410147337
2587,1.8888823531382168,2.87798949317185,13.923868881080853
2588,1.9544164800144774,2.979151505407611,13.691307236800155
2589,1.9784510542686216,3.1881627959120964,13.85457372963447
2590,2.185795910062443,3.687151149222441,13.729672180225934
2591,2.362686496430788,3.8929056251954837,13.283570533855254
2592,2.444609697102215,4.0090469618545495,13.122854871086835
2593,2.706690307831502,4.049799658163401,13.282172248790449
2594,2.771240187639986,4.327884469385401,13.133575728585294
2595,3.087652843085152,4.628950630279536,13.066744833194447
2596,3.349627464266227,5.247259844538988,12.77934368769463
2597,3.5304364402741695,5.568485401047639,12.630859318104585
2598,3.7561791456305467,7.00729752256513,12.339174288830284
2599,3.9998571182287086,6.922307795010762,12.244005069000284
2600,4.307396532460838,8.881764114632668,12.140908337862856
2601,5.030877180101738,9.27321725638188,12.16798116426229
2602,5.511656048094725,9.690848543193102,12.360164285926496
2603,5.785413657239843,10.79426398845746,12.41522833474516
2604,6.341793523699566,11.21491458705779,12.661381905784436
2605,7.0138021396131665,12.167767891463749,12.805685223868329
2606,7.973465179266495,12.113958823712913,12.536918567080177
2607,8.09699325525269,13.491229131442655,13.08728172450881
2608,8.839939576595079,14.159060951508794,14.265722435914176
2609,9.39174388936805,14.22461265322631,16.144874749289848
2610,9.23468683023472,15.485216189829794,17.01236279255579
2611,10.187778851578123,17.403745994738262,18.302167305436402
2612,10.751904323543219,18.034024071785765,19.48292124431557
2613,12.181385781008924,17.592591545294738,21.60498201455574
2614,11.973347471582741,17.338738054026905,22.14743058446797
2615,12.358396063630682,17.602444165154903,22.429996041832553
2616,13.120507803837874,19.153813589089765,25.95263685296311
2617,13.771397625115403,19.214880945846165,24.898590098560323
2618,14.544677853973557,19.83700923900548,27.43364203227472
2619,15.46456632065702,19.74133538611905,27.87662430610422
2620,15.85667067042664,19.675094294316757,29.99700493043471
2621,16.461912091986246,19.29002446904178,31.596568028899725
2622,17.191007753018265,18.904999667622384,29.494941622748193
2623,17.487176944952058,18.37036300634084,29.828103711259562
2624,17.592416593518546,17.820021675080838,29.562420963804346
2625,17.61265175842162,17.33159665503456,30.244360781543175
2626,17.599307317766765,16.46928666650325,35.42879047171826
2627,17.46274169862864,14.526087596484516,37.43975374206651
2628,17.223262009441672,12.103179780074845,36.760842862107815
2629,16.870085891460295,10.157283149494232,38.36124179546793
2630,15.691626708746986,9.557628156195463,38.57418153812753
2631,14.834054508234557,10.644069724626059,38.72917047326108
2632,15.241022979252918,6.0230566135729156,39.22625679318264
2633,13.89582187586742,3.4802520321054273,39.14736554873983
2634,13.726380677651171,2.1438665918873276,38.4551209621056
2635,11.073028805536726,0.24195908221848916,37.66758543837064
2636,10.155828364982671,0.6814028849391797,36.79746576225155
2637,9.124695426888483,-1.3311881043237093,35.951016807509774
2638,7.824048794960066,-1.9225719997866046,33.980975249901135
2639,6.266500268660748,-2.0157873912940807,33.441826966012414
2640,6.722223549173013,-2.43817179359719,34.73589682294805
2641,5.8472046522321515,-2.5462632777324696,33.83932016993173
2642,5.317231143823072,-2.649879685090218,31.91352360006445
2643,4.567894266458029,-2.8120234795980754,30.198792164130186
2644,3.339642815412714,-2.961240924156599,30.060962647099856
2645,2.4028227600225622,-3.006970112654963,29.307783003295924
2646,2.0418126649162307,-3.00899463774377,28.61206772267444
2647,1.218720019424219,-2.994237864285784,28.882151001520743
2648,0.7247399293112964,-2.9566320762258864,27.527266025970032
2649,0.3540041569630562,-2.9671336960189985,26.872835378742376
2650,-0.1288067670977312,-2.8973374492879747,26.58696952551719
2651,-0.05885428595419617,-2.904088889155469,26.03394037268626
2652,-0.8621212619154079,-2.8908205263807667,25.255249738319364
2653,-1.1350021803005028,-2.8865550276100502,24.32299433629434
2654,-1.4582432191924501,-2.8980700091354614,24.36019406633837
2655,-1.7741593399908502,-2.93859156560848,23.331568431010083
2656,-1.7945610981149756,-2.9986416960764295,22.91915785890595
2657,-1.6839156335223733,-3.0666434028447678,22.405135274914496
2658,-1.7980415440821809,-3.119755018599617,21.618809699218353
2659,-1.9231841117118407,-3.3574432650167543,21.21959492529094
2660,-1.859041678364309,-3.2908271319602855,20.752928681505153
2661,-1.9361905722427464,-3.393436983602919,20.30812149143077
2662,-2.131826005206087,-3.5171493029797105,19.49519326286841
2663,-2.271195843223977,-3.636081736939188,19.025216173565106
2664,-2.3722136761785078,-3.8299447126186776,19.181620311470297
2665,-2.484094814031004,-4.0437170335101,18.951991706369814
2666,-2.64403358769324,-4.221549989500078,18.617648523213152
2667,-2.873220335471517,-4.44842866415178,18.293540035856
2668,-3.2102139735970368,-4.959183008027631,17.732849129844126
2669,-3.0392997926452514,-5.186003211263894,17.270969733959163
2670,-3.6091263317748767,-4.547961169717016,16.9808783888446
2671,-3.8549010171199765,-6.65240303250187,16.843072779585068
2672,-3.9586992703794865,-6.987667881410118,16.616358449773408
2673,-4.300180352655772,-7.335280477746442,16.49423594689152
2674,-4.866263244980668,-8.322281879161737,16.229510532357107
2675,-4.547174735785488,-8.352746959569032,16.195585258817395
2676,-4.798625605157999,-8.911640627826642,16.13824356152949
2677,-5.155258046541912,-8.341099446610741,16.136961357356128
2678,-5.48382444878981,-9.07742563985143,16.13631913983476
2679,-5.963985524057366,-9.72379728937576,16.192482186161694
2680,-5.911376234932915,-10.494474245001221,16.292072042771306
2681,-6.78914989042438,-10.526691936599923,16.478771784888924
2682,-7.169878280912103,-10.891571193615752,16.762497680726447
2683,-7.4346841128501815,-11.889359321757347,17.14846050579548
2684,-8.060763156343363,-12.829632384890965,17.949387667435023
2685,-8.77548073971779,-12.755345198725378,18.01833011031036
2686,-9.62005612350367,-13.362402567360924,18.851396992907127
2687,-10.015446315592182,-13.317059180692961,18.901885933549522
2688,-10.400374180823537,-13.905506460370878,22.76664986912698
2689,-10.13279815499567,-14.43241595838065,23.9557396985773
2690,-10.422921371421294,-14.559369203707238,24.95794706091661
2691,-11.040628156512568,-14.605420155032913,26.589199144036403
2692,-11.377936981522703,-14.614723842031209,27.5345766442227
2693,-11.409615785015992,-14.506991901176445,28.65290621468223
2694,-12.060080976036351,-14.320505300530062,29.565446766715784
2695,-12.020822717453141,-12.745051210920828,29.552009948242567
2696,-12.077878546913066,-12.413778674945354,30.34559266789843
2697,-12.083479319772641,-12.383499423365315,31.157056946114636
2698,-12.090290792081088,-12.585968026159307,31.719097631277855
2699,-12.16457335760967,-12.607977292340026,32.47876034159797
2700,-12.182993477680332,-12.297325151376777,33.25376102881032
2701,-12.209587526993772,-11.497127386663047,34.33910360836869
2702,-11.987792041658608,-11.58396964972413,35.121998547202146
2703,-11.887755208639296,-11.97114998383236,35.50210986900662
2704,-11.902819012317334,-10.84955036396272,34.9252211895293
2705,-11.86634479209336,-8.772974653092325,35.373757727185605
2706,-11.36705543353172,-8.00419652506765,35.682437921970504
2707,-10.917184896419528,-6.945053108312282,35.666446695976354
2708,-10.132905498237493,-5.284158020987285,35.49572450873104
2709,-9.35146469408829,-5.443005574243834,35.471629228347815
2710,-8.733648535189966,-2.700654978362611,36.08529702048411
2711,-8.101599892338188,-2.1892670605064626,35.41452653703969
2712,-6.241158780626912,-1.3255214517550895,35.149867769539114
2713,-5.92924243367307,-1.136053331926851,35.109014409009085
2714,-5.288135671497854,0.0169412557875539,35.302910204138215
2715,-4.734647212801856,0.1853820500237058,34.136001366311824
2716,-3.867217429605307,0.46201100163356834,34.799499624462676
2717,-3.77317499875755,0.7404553445566195,33.925825233524485
2718,-3.753504027489408,1.317463005948408,33.0563431958253
2719,-3.1580423915560636,1.4961512563376866,31.783709876046647
2720,-2.734250552683392,1.5432236266516848,31.654614622501736
2721,-3.0864680281317134,1.7233490986726656,30.474967060998203
2722,-2.420022223689789,1.8798488621170515,28.915881751839848
2723,-2.0600818759236246,1.888621153041296,27.387034580794214
2724,-1.8354517718716796,1.85699249034772,25.265758141615397
2725,-1.4589806051539125,1.8098648742834935,24.83723901992069
2726,-1.0941684533718283,1.7525078002044654,24.402663157701433
2727,-0.8373751411938976,1.6438055486648266,23.82480127131247
2728,-0.5868856207204851,1.62087006514357,22.830795357822407
2729,-0.37404241530299226,1.6117580374987368,22.357438182637946
2730,-0.2077271278637643,1.5715559371019439,21.75803632389703
2731,0.15004710218674755,1.567226877405856,21.350796810197593
2732,0.45805726984844897,1.556815941425146,21.13991125109009
2733,0.47700648616847724,1.5491126365289785,20.518201946161874
2734,0.5692033542302588,1.5734894686208107,19.265705277313234
2735,0.5860541450392762,1.549741188072566,18.656951078590644
2736,0.7068564426788216,1.6306790800415873,17.744523903626757
2737,0.7754937310619068,1.6326557095393885,17.255755765173017
2738,0.8801449057083537,1.7771680070199734,16.77446118880857
2739,0.9596767967122806,1.8670364915536901,16.2361015178635
2740,1.039588182684096,1.996474634186738,15.832267861745672
2741,1.1707574707690864,2.1110911997855735,15.442532941528366
2742,1.2079681896948125,2.2052629778953285,15.03040447887705
2743,1.3529668295055335,2.3090626451394716,14.76612120389773
2744,1.4187630911402498,2.1703067628945716,14.666203555835697
2745,1.659271218849217,2.481329267428452,14.500343334067917
2746,1.6986242991407021,2.8064855344177593,14.33351096395278
2747,1.7494317559483226,3.14257989049689,14.21395490654362
2748,1.7782470870182712,3.297940765081971,13.936813181938374
2749,2.7335885957428268,3.7899137090136765,13.16190247518066
2750,2.8468753608411754,3.9113135531772563,13.307959132040091
2751,2.8311882607028513,4.705882368572505,12.768772037304032
2752,3.0025794375568253,5.24314350059164,12.295631091032568
2753,3.603263265973627,5.245975707164152,12.328079702029143
2754,3.8333410089320954,5.521405773266616,12.243452031996812
2755,4.1601830282139485,5.650541852592865,12.184826059711412
2756,4.5614537628522065,6.410624058082031,12.118910972158348
2757,4.8161200883191,8.324844391968423,12.093630111334447
2758,5.2884762343422596,8.969547630132611,12.090999609987295
2759,5.677536651419138,9.304804437730718,12.238835692231584
2760,6.18550113157144,10.330321577702078,12.243433949424098
2761,6.4566045967533565,10.045936909921206,12.514289328750761
2762,6.998596609347946,11.313121194949735,13.155973077082667
2763,7.858508051390569,12.001525639970106,13.5294205376855
2764,8.138245443845912,12.132938396757133,14.265325911714742
2765,8.54534686582833,12.789141526795175,14.894044376382013
2766,8.731200696606928,14.612085813013346,16.878934373266283
2767,9.017694067278738,15.458554525647488,16.983398158827104
2768,9.631221028864472,16.56111594453581,19.1275061424568
2769,9.921390981756044,17.58132878157057,19.973379547728996
2770,11.058389173743985,18.08129060954638,19.883025976941443
2771,12.032103745332337,19.26121446727396,21.341944053234016
2772,12.627740929992928,19.837206066549083,23.884806098964006
2773,13.534975678121857,20.396504195875874,24.584162053121464
2774,14.005704114091179,20.67099506387174,28.142809790207057
2775,14.575899943146194,20.02743236017685,29.576201925637903
2776,15.759435409506503,19.40661327865469,26.199289895942936
2777,16.028030010543144,19.345488917402633,29.27062902270909
2778,16.482632102349974,18.79006203237743,31.382144880777684
2779,16.61457478534033,16.689090979963698,33.511226420366
2780,16.619381943243315,14.280572097680144,34.00386117975069
2781,16.34846065358621,13.661909252551492,33.65198139508434
2782,16.11171871862343,12.908394941139706,35.31185494893582
2783,15.171326277167601,10.988976825591308,34.294222964114304
2784,14.438205655592084,9.795658703733535,35.04826971797577
2785,13.867885186191156,8.375305178987933,35.66040835892739
2786,13.439022256041998,7.421808404925813,36.017040183053076
2787,13.584522889732881,6.465766691312831,36.035655453990906
2788,14.326860641272232,5.604187430172371,35.815863015617026
2789,13.945380024142874,4.682714737066613,35.57768543864068
2790,12.626165669613197,3.316178794140261,35.668003800742795
2791,11.591326662795364,2.4378997315166413,35.681536521354275
2792,11.107794032424238,1.6007077222429322,35.50462063129097
2793,12.018772235768477,1.4628934941570502,34.96794893069203
2794,10.084990170464753,-0.4694547806925853,34.2309098485244
2795,8.914266893356276,-1.1827647460848634,34.374052012632205
2796,8.692360295189786,-1.6593029579438676,33.301831572079884
2797,7.565877393708993,-2.197641764435167,33.11244858436074
2798,6.960496796888343,-2.3913351833507224,33.219984127628614
2799,6.8702041784081285,-2.4635981086107606,34.66161719702211
2800,4.009054692771316,-2.410052454072417,33.23084152663262
2801,2.818795261077873,-2.5529177646283765,32.76915146651414
2802,0.8992457354080843,-2.6497954670725736,29.333748660698124
2803,0.744031234900536,-2.669704577017922,28.607107998129248
2804,-0.6276280417974682,-2.6476422164690434,27.71061492484063
2805,-0.8518307745881557,-2.6212108757851165,27.385100333423498
2806,-1.063309916721993,-2.6075686378612657,26.636697378936418
2807,-1.2142150636101254,-2.604321637842795,25.873094414227115
2808,-1.516407653039534,-2.604179119791558,25.13015858040965
2809,-1.6155074575356452,-2.6377637050387377,24.847867298654528
2810,-1.6202774927253483,-2.6586149360821505,24.60036847952262
2811,-1.6776323980386092,-2.6892432324481628,24.26293773776502
2812,-1.7463289737275556,-2.6905263774408192,23.276619379024847
2813,-1.7512986605804264,-2.72812137786975,22.744020429275416
2814,-1.8730000346888662,-2.8287614345946794,22.4608212089439
2815,-1.9771751731252405,-2.847649825163182,22.13240502998752
2816,-2.140196056129449,-3.0923552034136073,21.785892189442308
2817,-2.226151778097015,-3.097825379749435,21.324694565765448
2818,-2.2148167239833794,-3.0510135453542335,20.944553272583615
2819,-2.2939977871787884,-3.189414846237072,20.03300505980166
2820,-2.38813410201577,-3.365854525846973,19.596102953911743
2821,-2.4391366720765184,-3.516763252353101,19.114260241860546
2822,-2.4834585507482103,-3.7401380401956668,18.14280930190538
2823,-2.582026112084595,-4.127205156247083,17.439365567346144
2824,-2.7652931401675453,-4.488688337287693,17.143423471723715
2825,-2.9285432597133667,-5.095778904198301,17.07238939040478
2826,-3.0414426053057353,-5.464387301862932,17.008277914738475
2827,-3.4824008673403393,-5.824076021836235,17.201823232326912
2828,-3.7536043364860925,-6.326975909000323,17.103916355307824
2829,-3.888178948007434,-6.553836590170187,16.670462782534198
2830,-3.7528766334284014,-6.911574683792153,16.07357685724056
2831,-4.130021828982809,-7.050580571203575,15.938876282728868
2832,-4.393339492288757,-7.572909905312134,15.805631044847939
2833,-5.069759762390471,-8.216193311698234,15.679409285626742
2834,-4.9941724774170835,-8.857354304230917,15.678578236514852
2835,-5.366206174629251,-9.53306669162875,15.702689462272474
2836,-5.703123941260865,-10.069411435382413,15.832191135205672
2837,-6.170310696272975,-10.741788617067488,15.95309950033166
2838,-6.551581767362224,-10.85425242950483,15.886565558159456
2839,-6.743862031885184,-10.829869006728671,16.517464788359494
2840,-6.832537421953726,-11.069875738493206,16.512172955210765
2841,-7.353928017499933,-11.291614005718765,17.09463518022011
2842,-8.01442061081607,-11.416967992263064,17.581728445027448
2843,-8.332065581997055,-12.306089149049551,18.201203338705355
2844,-8.258918684093864,-12.772436594569328,18.728135405986997
2845,-8.828927663189761,-13.772181413674355,18.65550479541574
2846,-8.786491714336053,-13.94846206953551,20.15977178546975
2847,-9.290435997338035,-14.620484437564743,21.061959861324752
2848,-9.73931605585415,-14.893241566095847,22.110792393252026
2849,-9.47319088915171,-15.80503904081832,23.18909426568638
2850,-9.604237239358378,-16.250911047986964,24.27954762957826
2851,-10.409836169998691,-16.368289335393513,25.164181154100298
2852,-11.202781984092958,-16.521536983955134,25.241376722471124
2853,-13.246558965778842,-16.68491605596902,26.7172505114771
2854,-13.168603073313172,-16.687237154658902,27.692336429759948
2855,-13.405873105169974,-16.626299698336148,29.55312216511583
2856,-13.739429826758903,-16.043531163262337,31.202412584830288
2857,-14.484103074485454,-15.522739319970718,31.612064381202455
2858,-14.588409163532647,-14.773969300634837,34.15705624329949
2859,-14.613889352498628,-15.453165512811943,35.81664685559713
2860,-14.731159901654989,-15.971371900160698,37.285948183376796
2861,-14.861283795053703,-14.350824731909434,38.94713844887888
2862,-14.822202576679706,-12.73133673479356,39.68064628968613
2863,-14.879982123379344,-12.129369783698992,40.17629628841135
2864,-14.489330205966532,-11.999979463612325,41.299765476619484
2865,-14.372541604349372,-8.506520899001389,41.99192492201095
2866,-13.186745328033759,-5.810680885386225,42.06982821768779
2867,-12.73768562579679,-4.501394873497927,41.8276183824904
2868,-12.283771423094956,-2.2557768439501698,41.390842745797165
2869,-11.449571015394978,-0.012091822030518617,40.8607667498641
2870,-9.200736772332176,1.1982092770738724,41.880119692668245
2871,-8.030564474841821,2.5333610481128397,39.43586732722806
2872,-8.546290143765114,3.596812231325515,37.99527617239932
2873,-5.069965090700293,3.943223844459537,36.70243962961709
2874,-3.2684661475004315,4.014592299590427,34.79997572567446
2875,-2.270978363077404,4.212439808835966,35.05515107754578
2876,-1.8425687984738688,4.361543324640179,34.8839778907839
2877,-1.8367282492128685,4.467360199596248,34.16715664400182
2878,-1.032058025924868,4.503879655188575,33.52223206956204
2879,-2.195347191633852,4.509722936124293,32.66887478292401
2880,-1.1097358310552516,4.606555951067029,32.328244373171756
2881,-0.6795247386285176,4.612480598589552,31.356338918263244
2882,0.1509804155509783,4.553475821843825,30.45143475569745
2883,-0.016878269875674284,4.499313145539157,29.692402811700426
2884,0.732110348725351,4.458495153081156,28.785460709600972
2885,1.2238005958967633,4.432336775015661,29.129333923978763
2886,1.9798857709716562,4.362918379500834,28.5142263310452
2887,2.228229865579405,4.2951406363272,27.685426298235964
2888,2.527884096909771,4.258971833883871,27.060370858646916
2889,2.5742486117806243,4.264206850308592,26.531882729391015
2890,2.860717317555708,4.26190000855594,26.048284500680793
2891,3.002161551942843,4.269713385440614,25.521988934400063
2892,3.284619110991445,4.2959110481987715,25.24362006972155
2893,3.366892307834456,4.342127753605875,24.473154101183088
2894,3.4851753455747194,4.4271366248163355,23.852889764906042
2895,3.5260454802459047,4.511004358601256,23.305374877369662
2896,3.664417462393913,4.46611732809476,22.515199555156514
2897,3.776790965349157,4.633937854872936,22.114235682068337
2898,3.7528460752480637,4.819424424308289,22.15317163182741
2899,3.8691302942942047,5.02161984101014,22.105137869694804
2900,4.028990588876917,5.2419055511760435,22.138234758224353
2901,4.267265538120444,5.336887414257695,21.8879447316486
2902,4.403437557123151,5.633901211504856,21.407515275447707
2903,4.530403630938868,5.704178674763242,20.882289183000662
2904,4.6707449048492915,6.177774616460665,20.509115261285682
2905,4.805789832462325,6.496779268997168,20.25494789690617
2906,4.900928629107598,6.713056153582184,20.129315210583457
2907,5.053796324234739,7.046345089510763,20.04707861749395
2908,5.170257743784127,7.711231314762018,20.01433546762548
2909,5.230893133594886,7.992927553636639,19.85806679908842
2910,5.817917603238414,7.751024749184378,19.70040403844104
2911,6.126171822693926,8.027531221715813,19.61785273816403
2912,6.477052810298928,8.680717811089007,19.60241214348204
2913,6.7309076515206065,9.283233403563944,19.673409980374764
2914,7.068770410934953,10.035298013401594,19.794213529298712
2915,7.851556595385953,11.277842128499302,20.06218613710605
2916,8.198685937115467,11.677379307791645,20.265480250942666
2917,8.613675805339785,12.583673029404359,20.59138280399603
2918,9.011466458741904,12.535256083452012,21.2165386558694
2919,9.685079662695065,12.696505969877665,21.612477646632822
2920,10.119596291873203,13.253658827674714,22.239412745258363
2921,10.161696874082924,13.799014153938899,22.691791650970544
2922,10.412469305382583,13.787319789243426,23.426587197030422
2923,10.38707130295752,14.09428404317776,23.837407888326467
2924,10.984957761514579,14.487498349372618,25.253958475691594
2925,10.895115896515328,14.654645431495881,26.927189056778637
2926,10.88980771988678,14.604075505589535,28.56784002789005
2927,11.385829513021338,14.211044323342701,28.744948517714814
2928,12.375381599850417,14.218745416558116,28.408702007092025
2929,12.509972091692058,13.96169751953485,29.257825610737278
2930,12.40257889147768,13.918376606477597,30.474436961083434
2931,12.56024077825429,14.455496752642286,31.16930032745271
2932,12.62118908590986,14.433332509766071,32.01447675740187
2933,13.036949308654245,13.824283308137655,33.48030859911437
2934,13.018997623889785,12.700945742264077,34.23040829784068
2935,12.967788356086666,13.545180018544599,34.87253665336865
2936,13.08079146286687,12.622049800694302,35.86828700132429
2937,13.023485502785048,12.274620007461165,36.650625775258085
2938,12.983495321662689,11.174818852790226,37.04260093265571
2939,12.556150779404327,8.528310742067086,37.60099448800464
2940,11.793132128265306,7.279398384825568,37.685398121003935
2941,11.68121262643044,5.208174129357094,37.642697492531006
2942,10.811782156209459,5.06171670483496,36.66372181720889
2943,10.097314016296657,4.91295622508523,36.16552826406618
2944,9.502379828168086,4.242274254235194,35.676995694508975
2945,8.906228635528766,3.2681451250191635,35.254169401576526
2946,8.346527430559318,2.356532800555751,34.553551059110504
2947,8.345543665016175,1.790255968139873,33.50192558926836
2948,7.288140752621699,1.129398133376705,31.91339963767775
2949,6.842384727341736,0.5001935427361653,31.653789668922276
2950,6.384055612042244,0.22857490875077074,30.80390898053322
2951,5.707288684247693,0.04104349887613998,30.193957505937
2952,5.714000850443793,-0.16681209464311653,30.13411783594373
2953,5.139389408047948,-0.3330111259627785,29.020537855837947
2954,4.599502485849566,-0.34565678061533994,28.07348497602286
2955,4.16226889950792,-0.34553239945599395,27.16482125556422
2956,3.58262604487369,-0.34525273089786346,26.42550403902672
2957,3.016597749979007,-0.28936310607223514,25.811307632057517
2958,2.713614812879433,-0.20142977969678558,24.491255759794235
2959,2.518626181167549,-0.11149711228748578,23.89675962048887
2960,2.30728507735772,0.06355732318472208,22.870480709362095
2961,2.181948776042998,0.14195115084514792,22.755248563679594
2962,2.2284210291129534,0.1519989792976562,21.75609340538637
2963,2.047310596437155,0.2306346932542792,19.52185092913046
2964,2.1091799077088154,0.40832900830330093,18.614228720495372
2965,1.8640471035024768,0.6432492518206664,17.84097230803269
2966,1.6811597511069227,0.8019899889818511,17.320812459380054
2967,1.6030234778729051,0.7632545148847905,16.92667829700543
2968,1.527186590621131,0.8132395379889246,17.610998107795435
2969,1.5104524094537704,0.7624970234097534,17.169065945770644
2970,1.3446344954700553,0.9327928359293596,16.72091418555795
2971,1.3113451280690656,1.0440676501078492,16.255198986464425
2972,1.2701954196647778,1.173817139460237,16.144020567567928
2973,1.2554225826068288,1.2820304979567747,15.341636040417042
2974,1.2559246872374965,1.6452101183497423,14.911901594913344
2975,1.3090167003371382,1.8033760917470931,14.486888291926338
2976,1.342059096404594,1.9043015426387013,14.143317947222087
2977,1.4110632644433005,2.0372156841317097,13.444737595208299
2978,1.54348850725876,2.154821678482162,13.387054978538961
2979,1.582861817531628,2.2282081200652044,12.551260028670573
2980,1.718150469927357,2.0849788487747287,12.216430202550047
2981,1.6806418434131574,2.376556672359298,11.80367531276605
2982,1.7534519861523514,2.6014593575778844,11.58086124891
2983,1.868114751566176,2.64815542642909,11.503568733579852
2984,1.9104783549585727,3.205060904671448,11.092896884038995
2985,2.044505989370491,3.638504070255659,9.523051028394322
2986,2.321139306467889,3.978332072187417,9.248122451221342
2987,2.461500409959254,4.496429193884723,9.15727319908957
2988,2.5156934428512616,4.577672702883222,9.118648785598655
2989,2.534090259713886,5.045733355757345,9.03795241843653
2990,2.820706870841862,5.73234698782436,8.848585558620307
2991,2.877789789934066,5.799004616896172,8.784195548544021
2992,3.4439939609761128,6.366452935927498,8.689571719435047
2993,3.707655069278243,7.273537737347235,8.674695300628667
2994,4.239469262070427,8.193846702726098,8.728742014011623
2995,4.662539586467477,8.394661860616111,8.857860505551173
2996,5.043095254873717,9.948911814413997,8.551124452063528
2997,5.8471642433489155,11.604834169758513,8.673894470168056
2998,5.36164242543647,11.90607539351429,9.057474262516795
2999,6.373893438444693,13.251142363476967,9.491482294807351
3000,7.178099843920146,14.684193581555908,10.33626617553336
3001,8.517518431816372,15.65171900545778,11.492656619347276
3002,9.491491762045364,16.14237862439367,12.484693155883468
3003,10.280001126272273,18.92113509348584,14.24092817850896
3004,11.920099718599873,20.22257622982192,16.412584220274066
3005,13.597655184215679,22.040626632794858,17.59940462915849
3006,14.34025639101095,23.66139966180703,21.85745009843758
3007,15.569099128552883,24.443985253182728,23.363695555237673
3008,16.601680382828448,24.90139203194016,26.3254807953929
3009,18.622693462965454,24.942259143040456,33.25107176711642
3010,19.332471422299626,23.337900089497854,43.2028600819993
3011,19.687081702694847,26.606864153217725,47.11480932948585
3012,20.44031817834377,21.617492184998955,49.89614598249025
3013,20.575118090338126,18.936783457466177,53.30801310929968
3014,20.346759763054386,11.629165009695825,55.369637155378506
3015,18.550645641962213,2.552234613035484,55.34185346859712
3016,15.513868383348502,-9.658735973239654,53.83956140657901
3017,12.211231051784317,-13.737947132365777,52.03099273602163
3018,9.66078888043486,-18.917987349129326,52.51698349490205
3019,7.718308605894081,-22.51729842811756,49.09480900296272
3020,5.013230866527716,-24.17502457368356,44.72333600969565
3021,2.3177203009668155,-25.343500145826965,44.03116548649471
3022,-0.04389502171615911,-25.50972187870622,47.01464618650617
3023,-4.113373736254482,-25.360242171712677,45.36671302459992
3024,-6.363143969786819,-24.502305059102852,45.22836624609026
3025,-8.536910423352918,-22.65203998280356,46.170512009750425
3026,-9.618121564404687,-19.75775943186429,46.897557822995296
3027,-10.743571305935944,-17.945204058601075,48.12330254919575
3028,-11.325511130420324,-15.979087715497807,48.55327382857511
3029,-12.390020556235378,-10.372634118881136,49.07648353656735
3030,-12.239663638134036,-7.74690754841838,49.01543930064059
3031,-11.676637919252391,-4.958082898930291,48.518669419044876
3032,-11.037766275275562,-4.75552718241371,47.84843249751424
3033,-10.547391005211074,-4.788832023622892,46.77983918826103
3034,-10.046912464340707,-4.089902674165526,47.16310839962877
3035,-9.656272454856262,-2.5040636214332013,45.325258408407976
3036,-8.278701327733575,0.4147986259784231,42.73812545084313
3037,-7.778473759046451,1.5106917443271308,42.11025018421592
3038,-5.302803652895161,2.5734291810962215,38.274191768601675
3039,-5.1038337112824,3.230394070014806,37.42592745142671
3040,-4.406082645200217,3.569039899093555,33.165411514483885
3041,-3.174624449848947,3.8226805511279585,31.789544001027195
3042,-2.4239868400400275,3.847355431354963,30.72667812893171
3043,-2.309919730420706,3.8538721110074157,30.600926149595548
3044,-1.7028690746426052,3.9258143873762705,29.583969799827088
3045,-0.588079751644228,3.9106205813960617,29.126169585064023
3046,-1.2536118980502722,3.8679441319710093,28.274284655496185
3047,-1.3640377159659063,3.8594999628333317,27.818036897388797
3048,-0.4727539433631711,3.79553022469579,28.215922410529767
3049,-0.1260848875792862,3.77111762758761,27.997471419638476
3050,0.1252932944581368,3.757057752706665,27.269318593760286
3051,0.34960386092162765,3.720984110434542,25.114882139870005
3052,0.7523686972141361,3.70252400089844,24.775385801255343
3053,1.0156637567116922,3.7031059311271624,23.092379902074796
3054,1.354879145881362,3.7147360085416126,22.597984719286266
3055,1.2594210882413155,3.7296189855783872,21.778891261963956
3056,1.4544298963203603,3.675779349339291,21.14380461689246
3057,1.661341442721502,3.656824647194601,20.6299155152993
3058,1.9267584727957803,3.8016417024709335,19.4018832974888
3059,2.219679962081431,3.8352779009067746,19.251576105993447
3060,2.3912581399527983,3.9745334721875825,18.91316971227135
3061,2.5122829256604597,4.107754766189314,18.338753037185334
3062,2.686526430347072,4.22639211909736,18.072281877714392
3063,2.9578230881342087,4.349605627701318,17.684721774652456
3064,3.0384127561536425,4.754574004357406,17.35828838463655
3065,3.2520639589755804,4.908022415531599,17.37322663420542
3066,3.4555427838592676,4.5027617027189315,16.888417374622943
3067,3.5185455763781444,4.959717973578865,16.68134465900215
3068,3.6415579360001207,5.154573553567817,16.27295720102346
3069,3.7593259568822672,5.1487180514720166,15.723429035595357
3070,3.7324272275070705,6.201733152585383,15.488736725768678
3071,4.146936162274927,6.819297821026569,15.32478268247064
3072,4.359386455245561,7.694029388400154,15.20645943112024
3073,4.594524703598233,7.560419174612196,15.15805649924189
3074,4.852613851292027,7.642183022540207,15.042420829225
3075,5.464727535781254,8.297390243328877,15.003058597075592
3076,5.679758263514284,9.275638748963761,15.006378170431883
3077,6.340515890761791,9.597584365206714,15.416380302459311
3078,6.5295178434636245,10.649065845260125,15.587021492377476
3079,6.91982261001878,10.465381534239915,16.108078000657795
3080,7.354284050716584,10.987217699315906,16.46793020364215
3081,7.657556176817214,12.341218146781774,16.888939486764745
3082,8.27099103412856,12.708065772515429,17.306898067970234
3083,8.446592740225823,8.4964382597114,17.82875597913734
3084,8.447169609792818,9.207144150992523,17.755052720695442
3085,8.513056112657647,10.031269231128707,18.05909154141799
3086,8.774837668045441,11.092713724172672,19.009573815100634
3087,8.708493437846295,12.192681321193204,19.014887780739045
3088,9.10968228248774,12.391785501941367,19.50592237953601
3089,8.896643622615386,13.19984429387376,20.481243649064382
3090,8.849489534283588,14.121043947227118,20.850997100516643
3091,9.749417928425519,14.561874303262108,19.770537100668534
3092,10.369583984087452,14.842310765605482,20.512115490777486
3093,10.664719300156408,13.392344767127486,21.44435308254998
3094,11.159904128013485,13.73618819058317,23.02782524134173
3095,11.322278049018573,13.252766046426064,24.001210535713852
3096,11.581533539846292,13.361957950404001,24.292853013960052
3097,11.74370927031679,13.868132363145948,24.889666319812655
3098,11.846361774880068,14.06969989769024,24.760415140650547
3099,12.06443938224154,14.37888931307188,26.452824657871815
3100,12.312702032102221,14.416852625492004,26.997939386542487
3101,12.410811308840591,14.392880331173517,27.63314669557918
3102,12.639109727754422,14.290199883028187,28.839592536001255
3103,13.325926775083634,13.931078926904748,29.831824074913804
3104,13.367237275983586,13.35168973315227,31.408972798013668
3105,13.363972863933299,12.649429986028045,32.3329012226721
3106,13.164852500170444,12.17784415009482,32.488001991675674
3107,13.082490064876064,11.43540753127203,33.48130063947684
3108,13.039426337504537,11.063395133385372,34.188786512043464
3109,12.70437130009595,9.846261595031606,34.686158833149456
3110,12.399412004174724,8.856784701164562,34.45296865908255
3111,12.223998639784025,7.474742738964831,34.65355552836388
3112,12.160770688805194,7.4917091687020605,34.63052001328838
3113,11.656110165035294,6.544685665618773,34.607658407619034
3114,11.001507638884064,5.7262683201749045,34.21631481840609
3115,9.426287168100686,5.601654608304081,33.99868293549882
3116,9.097887660036978,5.029112787852525,33.278083454030664
3117,8.731183879474306,4.382377894392554,32.76656936430516
3118,8.75595342537638,3.8217602606289747,31.499319659978816
3119,8.317758576816654,3.3204831423026144,30.930600711668983
3120,7.785592989909624,2.61232927176388,30.569079175705962
3121,6.907953451680221,2.341934206329279,29.611662911062954
3122,7.09806409471636,2.1883337660056066,28.90837764903114
3123,6.374021962016093,2.1680585193137434,28.61443623240414
3124,5.951694294094361,2.088359567977682,27.822740541047235
3125,5.444106826183005,2.0788426790618417,27.417887609586128
3126,5.354547171114235,2.088533111008897,26.817662686071223
3127,4.850884206385385,2.1317183850699775,26.08449418110592
3128,4.123198138486252,2.1974695061923293,23.973663129077874
3129,3.808685345159793,2.180172282981766,24.07174913141073
3130,3.4863619413468725,2.2836336723173845,23.458692399261167
3131,3.4410202717074823,2.110468060381246,22.661807490462987
3132,2.9399608516839733,2.2688828364559903,22.27604035263064
3133,2.8626995490598732,2.310999739357833,21.645939458759667
3134,2.857110408291713,2.525973914821786,21.110147118951293
3135,2.857595997241703,2.8260217421096785,20.54545908566048
3136,2.856614519981006,3.05505842817664,20.15846244160841
3137,2.877580318793537,3.318391004843805,19.795263687836233
3138,2.9227563125076292,3.4891362215322888,19.18977962376717
3139,3.014863575593785,3.6547468977722777,18.505785892635796
3140,3.05460958845475,3.811700741616659,17.703292492957733
3141,3.1075917272919864,3.387869791240102,17.214130186406287
3142,3.1551069351618697,3.5648871897292214,17.17598614291867
3143,3.221324232567385,3.3674462611930878,16.962496193610814
3144,3.2368874346110403,4.441868994453804,16.777110277971573
3145,3.3228280169220836,4.844322377627269,16.66384801253033
3146,3.241245777691364,5.173796100697235,16.006513612929353
3147,3.538086265106939,5.592764875513807,15.687842318849652
3148,3.668874175584769,5.570068819094143,15.315555378193421
3149,4.127896186368872,6.409294346568862,14.821018918872197
3150,4.535644072900966,6.86155838169478,14.765203587621427
3151,4.6659553086209575,7.357797096844065,14.720179569074006
3152,4.920579563947134,7.951451736998059,14.678658556821386
3153,5.31926325956238,7.818929107325669,14.678513653387807
3154,5.524737021376558,7.192197963975207,14.694357101289663
3155,5.671743216723948,7.8640150431675515,14.698781272071423
3156,6.181588590377893,8.100247245913243,14.789805791635779
3157,6.383580712194453,8.496108833460125,15.251103922376474
3158,6.978413610022124,9.401714737233174,15.437987502145917
3159,7.14688590322554,10.481947269545213,15.666596381184132
3160,7.211090194977325,11.310626137496627,15.404712361541826
3161,8.009291863510315,12.574175988307088,15.885162785606623
3162,8.58519602292204,13.35820027933691,16.070351508587688
3163,9.13678293044579,14.240262022785249,17.44605215035331
3164,10.053085892303342,15.055085571267393,18.753200491257143
3165,10.286882385247917,15.324638467545327,19.38085440862688
3166,10.855723148944383,15.877485256312378,20.733841058173446
3167,11.40390400452453,17.05806714453697,19.520976356907116
3168,9.994490092828343,19.314384829519916,21.065909609910225
3169,10.9328720338575,19.037311211897485,21.891290376335064
3170,12.876946595158941,19.27276782702152,23.29018066310249
3171,13.521292673048304,19.830745064228676,25.81563930030571
3172,14.409637871669428,19.87498105317639,27.248563087837635
3173,14.720302240047136,19.80317751380943,28.36081374368245
3174,14.878148004027999,19.501988956576515,27.398830385282228
3175,15.5877592669115,19.395507784138292,31.463992727030273
3176,15.990882124778075,18.093819126757143,35.08522003826223
3177,16.25600139180441,13.694211596925904,36.447141095607776
3178,16.227077554347584,11.463313026805322,38.07759433010569
3179,16.730548979306324,6.074560527572367,39.42615641069344
3180,15.960718878205906,4.165072459133058,39.384356985972545
3181,15.753298637623423,4.662373416277945,38.99612463848146
3182,14.799688072828223,3.026854853599132,38.664993740074976
3183,13.148119909135234,1.052849441573786,37.904152783271876
3184,11.323357970536978,-0.21834490587184163,36.89501382352452
3185,9.81868797393324,-0.7902488920686086,35.84325109094967
3186,8.425977977618878,-1.8708775864298173,35.188934216722295
3187,7.6279829627612505,-2.894932761659333,34.17289676646465
3188,5.667784859054279,-2.894274479200372,33.307542600306654
3189,4.707747786494968,-2.89342107794086,32.582051411493836
3190,4.856400019883086,-3.111854364490032,31.45386112089135
3191,4.627694189021334,-3.3307809337501544,28.73533312502304
3192,3.8629483326801304,-3.3314934316281684,27.783783454242958
3193,3.591357677210191,-3.3400369882536496,25.64026157051761
3194,4.017050543473256,-3.2155262254072268,24.549789144353277
3195,4.222880466483345,-3.087117630133542,23.027212954718376
3196,3.5769324696020783,-2.906865085022195,22.013390209148536
3197,1.6107459714137449,-2.278512147953476,19.592712838368
3198,1.1418402826498468,-2.078358214184155,19.42446704252431
3199,0.9048768529739712,-1.9120615960632183,19.371376140398798
3200,0.19604376388464406,-1.9510486119551629,18.483375204886872
3201,-0.6559216299761051,-1.9127023983323987,17.910917928360703
3202,-0.9098582515361164,-1.9144551174017257,17.39445660221599
3203,-0.9284596157234387,-2.1509421213519766,16.819577882142696
3204,-1.168194124386653,-2.24616097459453,16.36123410971866
3205,-1.4801603065479838,-2.356127871588928,15.791049063096626
3206,-1.4898442053025482,-2.4894563850514317,15.04155261508265
3207,-1.5684129168449956,-2.7210888503640946,15.120836299178286
3208,-1.5155708219212205,-2.5392994303639562,14.781265584095195
3209,-1.638135969527936,-2.709778879492813,14.295747420383671
3210,-1.8617455332235255,-3.0332348458607243,13.493109753335604
3211,-2.063459797265246,-3.252404762951312,13.297051002524743
3212,-2.2509663917220917,-3.715520345104089,13.586057569742794
3213,-2.414540377125089,-3.7785816410157866,13.878595757180527
3214,-2.29761092143712,-3.9530623348647937,13.84440258380915
3215,-2.2167966295806893,-4.367571450484262,13.535370008802637
3216,-2.444557289699491,-4.7839856329794195,13.724042176126677
3217,-2.632827553623482,-4.784526032028421,13.352036359974683
3218,-2.7831318928841537,-4.979741413504655,13.128261320336353
3219,-3.1160504076502558,-5.5088547585214425,12.898205025549776
3220,-3.5068816568862102,-6.724277652943321,12.727849703229019
3221,-4.026006481003024,-8.204617032212512,12.606190805667564
3222,-3.9313543616186752,-8.660698047682821,12.597558439821658
3223,-3.773172864056957,-9.193264127997413,12.607949203705694
3224,-5.0781509316827815,-9.266191823177529,12.614312470398044
3225,-4.7698774603987975,-8.904968526460014,12.761655567213918
3226,-5.128488495496828,-9.888278886052085,12.844567367414268
3227,-5.48790349902057,-10.489446717524993,13.143035983751588
3228,-6.156813509712174,-11.067915587914799,13.3465388959996
3229,-6.642844912972421,-11.262419794331564,14.011153815815945
3230,-6.792414273565315,-12.327789302175058,14.44542313699444
3231,-7.700105121918835,-13.005907632601637,15.387718668609216
3232,-7.853600775058473,-13.74735286952175,15.682724049892402
3233,-8.310489303939985,-14.878736097399482,15.47180762765412
3234,-8.76677345563995,-13.970249103474082,15.75601067743646
3235,-9.477382117114132,-16.461855467721893,16.42300197798366
3236,-9.195330441394155,-19.200048794781324,18.403052279771245
3237,-9.092495395160302,-19.895951357915436,19.55510292672937
3238,-13.661382374763477,-20.070259338483044,21.071353965878817
3239,-14.082819782945576,-20.330536467107223,23.842565394150967
3240,-14.652381593390428,-20.13269307089543,22.68190567439042
3241,-14.943423539103373,-20.17623832673572,24.33972306763046
3242,-15.381705859093307,-20.5639033442841,26.56411187182362
3243,-15.249649114039089,-20.572399258158512,29.142190446046357
3244,-15.450564664335925,-20.38897519487228,30.243226174260265
3245,-15.896873799683666,-19.804353017703033,31.92642143564032
3246,-15.227903587181105,-18.913138052415466,36.824198164875874
3247,-16.141443525696904,-17.920747566244202,38.67267864674063
3248,-16.347929437652375,-16.058836297018342,40.7443904876048
3249,-16.315069680118494,-12.686227077593085,41.41004715722691
3250,-15.816789540926472,-10.183114855036687,41.87915030393089
3251,-15.23087292388963,-7.485456290033454,42.99121279874162
3252,-12.245996225926467,-4.122368692675723,42.99187487180067
3253,-12.170196503982108,-1.8793293894031855,41.761153720406746
3254,-10.995642557538378,-0.6887235796504176,41.343819838877096
3255,-8.973498642314066,1.4193701333833528,40.60984170358582
3256,-9.056072412099198,2.902034726173204,39.1704804427301
3257,-7.788780695406298,2.620707414496562,38.2487393610292
3258,-5.875939081093167,3.0600458645391164,37.35526585901536
3259,-4.458088250682002,3.3749150614802472,33.925805010914345
3260,-5.175648152377546,3.7409851903512052,33.33309897127242
3261,-4.928408740749958,4.140913110728787,32.47499991876842
3262,-3.724708204097172,4.315128306497598,31.05063107839333
3263,-2.998117570800974,4.411085569215325,30.283241009893803
3264,-2.428025635255734,4.453327587773127,29.727701947462172
3265,-1.6743118486804667,4.450581678732064,29.105604857586055
3266,-1.0256750261176348,4.391440936041762,28.42297753094895
3267,-0.45450598287126975,4.362298823633773,28.179324592593364
3268,-0.06050627919827822,4.315854123049768,26.957235472252982
3269,0.9225038452457579,4.277852606633578,26.470511494817547
3270,1.4648577248308015,4.247705248479528,26.21663256438433
3271,1.9666158145636992,4.2282094883094,23.812633201720796
3272,2.3155645507805893,4.242032440096501,22.83125069377786
3273,2.486074313606443,4.311706306629543,21.888071978017877
3274,2.891445482813608,4.398369676495649,21.598503940285536
3275,3.3280261217683726,4.520525976748855,20.96644877075701
3276,3.450443149316258,4.520670453163749,20.642192073858048
3277,3.5713087468156717,4.6645396082165735,20.027362200983916
3278,3.5710191815003345,4.820619625577306,20.129602489919673
3279,3.651467290499385,4.849967084449908,20.33573686293349
3280,3.6008598672292895,5.097253065571872,19.669270059551135
3281,3.8971982790664734,5.363526342441152,19.74125126163875
3282,4.0546001445927535,6.121400934791353,20.28851161541129
3283,4.462743944542682,6.310974415265257,19.896804226542393
3284,4.272738044801592,6.6880206372774005,19.928250241689227
3285,4.860994217744375,6.6486316138761214,19.749577837354963
3286,5.003981986005164,7.0960109136700416,19.546258969468642
3287,5.46003813926784,7.807620060921216,19.467509592094252
3288,5.683486117166414,8.19821495226704,19.365517600669204
3289,5.803549457779184,7.703665765761308,19.304814003801457
3290,5.970623204259123,8.138231650547807,19.22041073617289
3291,6.256293522685033,8.372219795603693,19.195467708445797
3292,6.4552011572816035,8.466058237205553,19.20762071517611
3293,6.487848535182427,8.90582749562415,19.238890515346124
3294,6.6968236657401645,9.870074257156437,19.3035402400992
3295,7.099558155333248,10.44125693530065,19.819409226604193
3296,7.353241588698116,10.815007307107019,20.021514922108803
3297,7.764749009116425,9.488515144781546,19.819911710529446
3298,8.1220237439349,10.259771225438994,20.217045003648565
3299,8.81700737196479,10.358572372702765,20.687853485999778
3300,9.060431967362177,10.97876611554245,21.448355045372058
3301,9.271437635699346,11.34797486040407,21.212101261291703
3302,9.279857513866197,12.202499228283592,21.573294790013392
3303,9.234548697355887,12.884530200491792,21.780379132853344
3304,9.66529718628238,13.24164617141421,22.311607311558596
3305,10.33817825158565,13.99185706249736,23.39785294074592
3306,10.631234946608602,14.227157404922592,23.846879173736554
3307,10.784620004370362,14.670668565191141,24.566092006078353
3308,11.223874390688385,14.932884975032955,27.364574405933222
3309,11.56844453780868,14.814524421110118,28.658227989710262
3310,11.734310887677303,14.575600002185158,31.256952489575742
3311,11.620161979993037,13.848616811520348,32.14346674993388
3312,11.689511023223194,13.211284934254751,32.66577635649253
3313,11.937296937983932,12.453748235020669,33.377857414573384
3314,11.973559495442974,11.64189574926544,34.875039258011164
3315,11.936053778577959,10.094262491379773,35.47005191041798
3316,11.775545628534234,9.772983459113242,35.59028877550272
3317,11.513543555603308,8.449133444922861,35.89476634883803
3318,10.953175067705173,7.662505131957702,35.92837687274368
3319,10.528609417252941,5.994251264201555,35.77572710278556
3320,10.267129088795341,4.8044410172781316,35.545779352592305
3321,9.781392007473418,4.159839909782562,35.31896687343944
3322,7.705443852232712,3.355391648894229,34.862658223184795
3323,6.892107228996294,2.8447703585749338,34.06702470964454
3324,6.768220155758247,2.400385813287104,33.0814517418184
3325,6.461757472093289,2.111318533940127,33.345878727534846
3326,6.189053405035162,2.297434923265622,31.57604483128906
3327,6.036596835223544,2.091747746802173,30.98572768243834
3328,5.658363650654988,1.9565248731087654,30.296989598075413
3329,5.387278628030356,1.7794967974232778,30.05284135458705
3330,4.864777559921885,1.7213105886154163,29.111947630383085
3331,4.074925739731122,1.7257685095724637,28.40147944228116
3332,3.682571696159845,1.6741304510382966,28.021243548438104
3333,3.5344728994670502,1.649065199193388,27.217778386255194
3334,3.2607122861564215,1.6616303587697014,26.140335479216116
3335,2.9885411077855464,1.7587660674116306,25.559376485503
3336,2.8605586147383812,1.7915150967562736,24.91423120111728
3337,2.789007454775372,1.877581126673255,24.11903616949199
3338,2.6501005806597226,1.913937488810394,23.470331648574234
3339,2.6119749319764725,2.031444197434547,22.652918413806123
3340,2.4818489119621154,2.1323142992448076,22.517239379929034
3341,2.449456114214451,2.263530364514712,21.54602998931915
3342,2.435485586150491,2.41443418213498,21.06461246326405
3343,2.4313736838027795,2.6457604118621245,21.244548868089193
3344,2.422831566078859,2.835522765717587,21.153050393780187
3345,2.4538137341798096,2.988056104690768,20.75239023935307
3346,2.5608132127359577,3.0400872252624143,20.375306112928236
3347,2.5318560001078128,3.2262771894728624,20.00918165809169
3348,2.4428598091544464,3.55313540737905,19.461352976927344
3349,2.5082643638992193,3.684098454742941,18.40701676561455
3350,2.5559405379245406,3.8529079514821163,17.988972917681675
3351,2.596342319380577,4.192855237630448,17.757617234113503
3352,2.7949512587197587,4.462825757735853,16.26717081670672
3353,2.923368987927357,4.705316198824343,15.861727763970789
3354,3.6802795106837234,4.7932872181449,15.58579121654912
3355,3.8321440309131587,5.215336076288251,15.524204496771821
3356,3.857170484420344,5.742414901029845,15.39145532894522
3357,4.034031617356224,6.020002720520656,15.095453278548627
3358,4.301847780650007,5.980691354107015,14.833276979013434
3359,4.429144007696158,6.341765067509207,14.672206010984118
3360,4.694187696040621,6.3511873237676,14.582641637333083
3361,4.910766538755295,6.909805192962694,14.464933461776909
3362,5.273533637616309,8.35784504335955,14.410587480681773
3363,5.502240405613229,7.704176859075299,14.489431082644186
3364,5.860370450171399,8.658182680383105,14.53926220603056
3365,6.8842624700404285,10.05203058191563,14.643691034483673
3366,7.241778820491972,11.000299525800722,14.867983897860796
3367,7.627996632402514,11.869586711247658,15.358398090010944
3368,8.627624277130872,13.037487751045283,15.81926186656277
3369,8.616700478785313,13.405312764229048,15.798568383200532
3370,8.94694294416271,14.857444058854117,17.33785071804535
3371,9.306328185223823,15.11518148563468,18.505740504095414
3372,9.979856563649488,16.192481158486892,19.175151250464545
3373,10.443347741819194,18.54830828161203,20.93991439314216
3374,11.28113782740699,18.78554819310998,22.246087369400644
3375,12.473841508934239,19.254231515200388,24.62170675805525
3376,12.774304476831126,19.700757543166084,26.690747002920563
3377,11.941985866279426,19.69069916808881,27.597954582319613
3378,12.305328929719265,19.49455969948312,28.773190979055858
3379,13.78436540920743,19.126733778072758,32.80698405110931
3380,14.324752092552961,17.964387896625098,34.73661951085342
3381,14.804586436046005,18.462613454497202,38.155709026063064
3382,14.790763534306054,14.555286295572403,40.23778299910107
3383,14.771103069081667,9.614983622502933,42.06085941021841
3384,13.995016489862738,3.7119924626462923,42.0100262214465
3385,12.37435221239879,6.667053210250745,41.16341749273093
3386,10.839530917607682,6.340126209266434,40.960352224252986
3387,9.713136985657435,5.859353861660431,40.492166710807744
3388,9.204125180056483,3.8983572923751075,39.96912818810119
3389,8.714098174115367,3.3644345238006803,39.1071578683727
3390,8.213845278870641,2.9411019483795036,38.74174532730721
3391,7.1649349129531394,1.6958559862645999,36.60980193046544
3392,6.461842673020203,0.7465317492260002,35.877165848850126
3393,6.017351526899292,0.4677721998374022,34.712230119339125
3394,6.512590910742462,0.6809130010099727,34.15319987121495
3395,5.92466291294131,0.44427294478019275,33.17646847530336
3396,5.070990634336806,0.15587477005412853,32.234188290624274
3397,4.3734655936217415,-0.1061305583796292,31.282495245062613
3398,4.024095774350586,-0.30088838172480226,29.81259393725558
3399,3.0700768442684248,-0.373373969014501,28.86973733098701
3400,3.3241070932078096,-0.40029081479127393,26.405630563809325
3401,3.3804101752397253,-0.28810353212796025,26.241378723780965
3402,2.5056258445065813,-0.23623131923237903,26.16523110037066
3403,2.1349550877279366,-0.29727012074781495,25.44156809195693
3404,1.626231578535182,-0.1810159897647355,23.814898861882853
3405,1.3563281309474806,-0.13011848458668207,23.182159686386292
3406,1.1679889362891593,-0.016685469301351383,22.869393057309978
3407,0.8936934931210554,-0.04112958141831627,20.560906182894975
3408,0.7994393740441251,-0.015943524432945628,19.976940744623885
3409,0.847830028896372,0.05388441200437162,20.063356218707074
3410,0.7734489986775366,0.2600236006739176,19.254079958733726
3411,0.720812780996085,0.3088990219880158,18.839766500981277
3412,0.6740325582553917,0.3160202703803941,18.574311449476262
3413,0.6407761639082494,0.39393664100452447,18.26914514155136
3414,0.602862820391058,0.44288700730991293,17.547195370213757
3415,0.5892163832040777,0.5034619966164444,16.984021464902597
3416,0.5592588066546554,0.5601184755384424,16.313194821646498
3417,0.5593952792111272,0.6317747129737293,15.815257774654611
3418,0.5606135130459332,0.773466574342102,16.154583568766686
3419,0.5479904574227175,0.8512022209084634,15.411002509354597
3420,0.5712306640310157,0.8675427533535428,14.957931794352385
3421,0.6066827469716193,0.9872613979041406,14.596188051872735
3422,0.6323201466459218,0.9016477731216338,13.661163547560605
3423,0.6794251019282842,0.9429739720403746,13.091395123946505
3424,0.7170187534106136,1.023994756958841,12.623538359847078
3425,0.746217439728262,1.1661369676569788,12.37844224181557
3426,0.7630413159264544,1.2592303091443113,12.176248291903484
3427,0.7996821723135008,1.4748492230826709,11.888523537712118
3428,0.7793593332712949,1.5958851994594532,11.728202224982274
3429,0.8558659307385239,1.6331439389902158,11.404932298924768
3430,0.9585813726168351,1.7967568947155181,11.070765088764222
3431,1.0065886500278969,2.071693998145292,10.330870735799222
3432,1.026528251777236,2.2414003337934587,10.047535267454828
3433,1.1041308236250476,2.397753808471885,9.83713535573836
3434,1.2469673845812628,2.689919310360298,9.938983512158643
3435,1.3456761035472944,2.7659493527315635,9.50149860770387
3436,1.5539665436447792,3.269790994148397,9.270399854654844
3437,1.6268602512149841,3.7033756265018014,9.159294942392592
3438,1.6445147523508705,4.076429530042454,9.061402720601714
3439,2.0834383631709414,4.4066456549301805,9.223033513325172
3440,2.1582816386414656,4.609711750639514,9.13933758140757
3441,1.6169934051045387,5.0806848797307085,8.950324067453613
3442,1.717987828038216,5.334381004936463,8.728601149028213
3443,1.7543453656570724,5.8481934802399795,8.414994504624865
3444,2.3907403470918185,6.066094680400695,8.423932916301643
3445,2.9287052892338084,7.85746017742194,8.387751110328628
3446,3.045550674160221,7.945690824816611,8.397694217126917
3447,3.5089317909244273,8.158452153467216,8.397270296106417
3448,4.0982997876138345,8.478967711617184,8.480808749669308
3449,4.495847688762409,9.585649908282699,8.357168666694534
3450,4.773962113915763,10.723052095004688,8.402521763352805
3451,5.4417401945426125,11.8861052472434,8.705836648650216
3452,5.63406449024442,12.788021201285417,9.452884400363052
3453,3.9938266714596233,12.349599518465322,9.838328928099877
3454,4.475125614387478,12.836554622714024,9.900980343990113
3455,4.859979460716425,13.77168908821196,10.022691923233507
3456,5.733397558817791,14.639412435436338,10.514488442492013
3457,6.306679123890194,15.307332526766176,10.793268864658137
3458,7.412086165419763,15.137625626069232,11.6647308119142
3459,7.59432708435688,15.52434948226266,13.514463625979552
3460,8.375873419930002,16.730266535604493,12.977223299923025
3461,9.681957152761315,17.733885192679903,14.59132024983273
3462,10.296465550847342,18.57062950651491,14.701842946709643
3463,10.977045705028749,19.376663057189035,16.959618512205033
3464,12.930479362410303,19.307349466264746,18.90278775455925
3465,13.576619578122612,20.04800966746982,22.49501044300482
3466,13.892911411109234,20.432837901611865,24.607774805133367
3467,14.008402722329564,20.36467823865661,22.202756786759128
3468,13.649104525782347,20.60641252991136,24.8193798346649
3469,13.98676519491384,20.75958779687624,28.119164773672452
3470,14.350373869356917,20.618764916458066,26.83976498964212
3471,14.349424214038505,20.575657571297985,30.9469510146682
3472,16.742342535876947,19.640450128892386,32.799882544282944
3473,17.260089274122507,18.95279067613399,35.49143029703311
3474,17.199896610763314,17.611803985431496,36.16075643952218
3475,17.27691859231933,16.25644591867983,37.62287540985028
3476,17.089339461398843,13.817647656739513,39.66450797219448
3477,16.84154104390627,13.112417601531531,39.696731494781275
3478,16.708392177850584,8.057713054037539,41.027030504074496
3479,14.900538428749417,5.96561144377837,41.463583374439416
3480,14.232720196015634,3.824364712450165,41.1405528653477
3481,12.895079700020869,0.12537105687457517,40.99173499536486
3482,10.94317898813978,-2.485282474601503,39.82439793059475
3483,8.313303899153025,-4.220100313148855,38.631774936985536
3484,5.678207805773404,-4.759900178451572,37.229932637770155
3485,6.882738967044842,-4.698126708016858,36.39328771871012
3486,5.530291378886707,-5.816465436779616,36.905256794780676
3487,3.093656803361015,-6.463495415891322,36.89711986572223
3488,2.5079706643205295,-6.975449525491424,35.76823165285767
3489,2.9913034881411216,-7.0103427366396875,34.92482320168338
3490,2.203825427036075,-7.104507964796385,34.18987932841846
3491,1.9967152296561315,-7.249822231381326,33.750635378935826
3492,-0.46746288954880066,-7.187962411137238,32.853638698203056
3493,-0.7886958764531162,-7.141572229124306,31.81414804482695
3494,-1.5929224434299287,-7.032750986900172,31.4550479948215
3495,-1.9315944349620149,-7.053912410130013,30.51744039382412
3496,-2.1177811524227987,-7.122539488325045,30.78221490834041
3497,-2.1801860451568453,-7.026428531541675,30.65293200933141
3498,-2.232855838687011,-6.853109893840857,30.234323638390443
3499,-1.694297414617528,-6.809250141305855,29.940260052149178
3500,-1.680118828656139,-6.683329153539261,29.264044444127755
3501,-2.0682560306075577,-6.677803740208358,27.71017982589446
3502,-2.284449151092697,-6.606973082225764,26.85440258181019
3503,-2.856490589446227,-6.572826431161103,26.432530276937538
3504,-2.749480396655445,-6.557002096085808,25.542715140973016
3505,-2.9172193704918277,-6.558309403773345,25.204887338689993
3506,-3.267717436070969,-6.58624829446488,24.47071967600503
3507,-3.3828217968400027,-6.642352266892884,24.504215608869547
3508,-3.788938971044558,-6.660618578134302,23.98567128834049
3509,-4.196732489409205,-6.839095147515508,23.580360772884315
3510,-4.529914869195532,-6.970773420624749,23.84563403331853
3511,-4.8981305837138995,-7.057114927223067,23.779409624748876
3512,-4.842273552727375,-7.204449483870395,23.04543584983158
3513,-5.1279696858359936,-7.151286317933051,22.808216624523318
3514,-5.368490868913525,-7.307981692553522,22.58475792095518
3515,-5.580304008240076,-7.359283977855247,21.94783847792491
3516,-5.944897056653962,-7.700275872849809,21.63006823078163
3517,-5.994129687701445,-7.9649378157429025,21.426189776321475
3518,-6.2512074611350865,-8.238209158843512,21.238842182933293
3519,-6.328995679592839,-8.36316978693178,21.18771933714751
3520,-6.614484016759492,-8.571863066445637,21.155273002373022
3521,-6.907065193834141,-8.990927804229825,21.156038721980448
3522,-7.1958307299264,-9.132687770106001,21.25540469364765
3523,-7.654177922118562,-9.715757368720237,21.43675375012111
3524,-7.967480897666582,-10.542225302889525,21.720905431055133
3525,-8.514185774941996,-10.93401078867355,21.5504462148492
3526,-8.459287402536635,-11.417737276984967,21.624026704935314
3527,-8.604938844283474,-11.733199552599988,22.084025551314532
3528,-9.063473698138049,-12.24180940052913,22.12895173083875
3529,-9.431463059259922,-12.41357169164443,22.12278866081511
3530,-10.080171846101807,-13.87934114492616,22.31429278314845
3531,-11.016128457108904,-14.450523609205195,23.348720783839113
3532,-11.248102880964861,-15.58054789031101,24.538358032325153
3533,-11.564821728177789,-15.823260773263257,25.858949869808328
3534,-11.838793425124283,-15.913708365287603,28.21229076728921
3535,-12.37562076251415,-15.552647129093877,29.12918869126154
3536,-13.133142443085303,-15.60406087087192,29.265945990605353
3537,-13.290771720423674,-15.092186514843108,30.54717356025332
3538,-13.488049042637428,-13.829574716846432,31.961607405250717
3539,-13.509393524832076,-13.555102751910768,32.64104049543324
3540,-13.515797342991627,-12.855732436685841,35.16066609605947
3541,-13.511381827284115,-13.498993030922009,34.847667188554546
3542,-13.509893125530388,-13.837255627883554,36.866368137146225
3543,-13.541639848679187,-11.270838457008788,37.636495043356796
3544,-12.755707361462584,-10.93882974376564,38.275879826380006
3545,-12.582961721345875,-9.144855553160866,38.80154810880212
3546,-12.247166336440086,-7.586863457250621,39.0230626368439
3547,-12.1065973726505,-5.326707048244031,38.957202816604664
3548,-10.411005279878259,-3.8059335945769006,38.2322026160077
3549,-9.515342815215758,-2.841256730856363,37.245135418301416
3550,-8.6506565007594,-3.0091477489192933,36.43985464307566
3551,-7.742373387737566,-1.8865495053114099,36.00416033055601
3552,-7.488296044590994,-1.5362821138238676,35.38523605532544
3553,-7.290380693166809,-1.1925323577598528,34.25582970362176
3554,-7.54616629452033,-1.1919002892422979,33.44912850699748
3555,-7.7103869976522645,-0.7652694342863596,31.91447694790491
3556,-6.471218694811949,-0.5614222826152508,31.02773279693647
3557,-6.734578388479471,-0.5169032339210657,30.3342778998086
3558,-5.92558162438698,-0.7831773271323802,29.88587286600621
3559,-4.421889878515323,-0.716125548232688,30.526690853319636
3560,-3.6939414367335166,-0.653157141356193,30.000526410984932
3561,-3.1683588872662303,-0.5078447458788885,29.616712530868234
3562,-2.708839118989326,-0.4724180371353422,28.940317605066454
3563,-2.4287226579568624,-0.4467070804861741,29.38074932918847
3564,-2.3350045531092682,-0.40895821684047434,28.823277436358318
3565,-2.2216212706974883,-0.4038534035287821,27.942775742035284
3566,-2.0465038141529583,-0.40033984126105154,27.884093753225113
3567,-1.8930578685189874,-0.39738555597283665,27.015861939543555
3568,-1.6999511132789513,-0.41849586819561957,25.847410091404136
3569,-1.6087378289068104,-0.4555493283181765,24.003716043443653
3570,-1.3372536503067147,-0.5441528384235736,23.902700437754568
3571,-1.2445370210850197,-0.60157085503905,23.356117832128
3572,-1.1585387960474003,-0.6802703289795979,22.626432623264275
3573,-1.1255252270730063,-0.6958158947357451,22.645850385441825
3574,-1.0515087133186516,-0.7506454100064004,21.86188477176151
3575,-1.0020237669271093,-0.817958534541478,20.055186147066298
3576,-0.9991707697024397,-0.9527374891215756,19.379529935595592
3577,-1.0090445706251263,-0.9615549187468129,19.850438325411304
3578,-1.004003732434688,-1.0052458943031262,19.275241450304666
3579,-1.0040962843688535,-1.1050147759634754,18.61217351119739
3580,-1.0093471089161017,-1.2619784080841152,17.960078443012115
3581,-1.0390034830943071,-1.3828371246873887,17.52621290324623
3582,-1.0824969195939609,-1.488221866356344,17.228294517103983
3583,-1.1083704597723232,-1.6196445815818477,16.72757112983684
3584,-1.105513313995729,-1.7292293858433625,16.20322125396583
3585,-1.1897375078057657,-1.9198194782997302,15.686777498301126
3586,-1.2704814980570636,-2.1017523032339236,15.871592647052278
3587,-1.3434209901285141,-2.2778970337599893,14.893849004825732
3588,-1.4967028112698142,-2.443525231067935,14.531583082401758
3589,-1.571188038593215,-2.6664113575287094,14.834181099445873
3590,-1.557511949852184,-2.886941687390305,14.501692977930434
3591,-1.5997695659971243,-3.0913408238057474,14.386740665615639
3592,-1.4234922392270688,-3.259133565134977,14.052730502195132
3593,-1.7072665574045773,-3.4001851991951604,13.747134307493575
3594,-1.6799706095389682,-3.574188732129125,13.673731776244331
3595,-1.8766234945141749,-3.639720386213969,13.321295983570325
3596,-2.033243977270273,-3.8855436646700277,12.80526105189848
3597,-2.096240383845237,-4.1122663850548795,12.046224662886141
3598,-2.1930535604761583,-4.604737954400486,11.960969800152423
3599,-2.3464872024792567,-4.924478202876988,11.746184993522565
3600,-2.6832095278132013,-5.305791768643593,11.652848400955575
3601,-3.274127788334535,-5.820009700171904,11.65885094453162
3602,-3.4690795105757477,-6.4221022813385895,11.763659481236255
3603,-3.8245644678933712,-7.8648090208501875,11.667961432391522
3604,-4.114357058573206,-8.458523922355178,11.653764054400773
3605,-4.37912407007443,-9.087413150157605,11.684450065813632
3606,-5.476091837355046,-9.555347953700615,11.782486316523888
3607,-5.169334924550466,-9.56962032681931,12.00109061598737
3608,-5.771133653958611,-9.831135493391717,12.203479720788575
3609,-6.644055216615065,-10.340460354909743,12.520466613017529
3610,-6.83405191693657,-12.724670002885532,13.11399956178272
3611,-7.6709574754492,-13.008994106319378,13.707827644667528
3612,-8.481505969025106,-13.246568777141608,14.094560662762479
3613,-9.1539580330823,-11.135239388056034,15.565598314930797
3614,-9.204250996456492,-12.831512261243068,16.06905056050336
3615,-9.634823185391099,-14.30706718364577,17.82392670464548
3616,-10.015999537885271,-15.417069053889229,18.06035953393959
3617,-10.123378272524354,-15.524754847541416,18.203810052137538
3618,-9.736279490245659,-17.67978307164607,19.065065233705155
3619,-10.54551288711723,-18.304011815328973,22.08774955632856
3620,-11.221709533174812,-19.02370657399795,22.514238627072785
3621,-11.081437394021972,-19.17292428470042,24.11829666628361
3622,-13.076190518875064,-19.49540008100434,24.64349304253894
3623,-14.183126072924413,-19.594970447517607,25.016613860316586
3624,-14.55448773571081,-19.85517199904446,26.570681672588165
3625,-15.007189705743967,-19.87227020730042,28.597381163563828
3626,-15.529655355032217,-19.970942266484087,30.416014591195182
3627,-15.857236001175922,-18.621270132690377,32.196648817943995
3628,-16.18031211121931,-17.841151402246133,32.85837760298887
3629,-16.1187970283205,-15.9204001618175,34.975658151082364
3630,-16.112721446545603,-13.189518292500487,34.83550511721845
3631,-15.760205105294387,-12.623786353378046,34.34261790798911
3632,-15.012733224199279,-13.117279201029756,35.260393115216054
3633,-14.78772619503837,-11.777111062387327,35.34645860878425
3634,-15.048398617941679,-10.855002870754348,37.312905406432016
3635,-14.6168472036407,-11.582459525870169,38.21717987618723
3636,-14.23206587581325,-10.962812028805123,38.8165863470512
3637,-14.022267641920022,-9.329793100837358,39.456674349337646
3638,-13.784736978287354,-7.978861793505671,39.69699391463153
3639,-13.619174179875651,-6.959927524520459,39.71639746447349
3640,-12.52440730928824,-6.5274744775454625,40.01494894439838
3641,-10.910390850514581,-5.788121238782889,39.705880258997134
3642,-10.559513700591515,-4.83461911280509,39.13844960685034
3643,-10.074191996258065,-3.109982188005035,38.69742675181723
3644,-8.757768372311789,-2.6187176135198396,38.23942043111249
3645,-8.15621446789704,-1.9710879438878042,37.72356438417829
3646,-7.377013772950314,-1.6914520821325199,37.19939083698422
3647,-7.032119285766087,-1.5625576624659483,36.95804962122565
3648,-7.057920182212397,-1.249206578670432,35.274753643013405
3649,-7.086199677780292,-0.5326649957896313,34.549199400935954
3650,-7.213519590039825,-0.1231395337978482,32.30939154138454
3651,-6.048712728699314,0.21621657016987683,31.645275131682492
3652,-5.346958171946128,0.44582733827143683,29.604595720889595
3653,-5.320717828512743,0.5309041778258892,29.73445871099395
3654,-4.597123851885303,0.7133807020208266,29.57784838310068
3655,-3.694161711233331,0.8038192291360492,28.42011031282833
3656,-2.6452600457591755,0.8155967926727159,27.90076935172605
3657,-1.9772861854827941,0.8004060617148391,26.633343655551364
3658,-1.4470118521642479,0.7714425879741059,25.61379766223307
3659,-1.543433654349557,0.7333064482404212,25.29335917268326
3660,-1.6542575500713501,0.7897076565649402,24.81099635646498
3661,-1.132338180219675,0.7449529635899238,23.600735333559246
3662,-0.9887360731243932,0.6756106262234353,23.670825662751827
3663,-0.8669260902803457,0.6020227115364567,22.865890047054297
3664,-0.6649802027100078,0.5057237156445112,22.484541707495556
3665,-0.5807614281530598,0.4528773850835364,21.839600108498537
3666,-0.4131381272376861,0.43978052472548723,21.34227031059507
3667,-0.3202399294973603,0.3912231479006919,20.935679904134524
3668,-0.25577815799250647,0.3046150366212797,20.780504435968112
3669,-0.2056707663819641,0.28417002728002766,20.44106185130252
3670,-0.20350507816156838,0.2534162897425123,19.93725448174616
3671,-0.10875343016725769,0.23343232039346215,19.46726432326374
3672,-0.11155870805566008,0.2213193317606948,18.171176308631924
3673,-0.08577478518927573,0.19450007220767476,16.963361890505887
3674,-0.04680336458062693,0.17205506516739272,16.644016320032073
3675,-0.041486035171626745,0.15827668197653383,16.101381323427496
3676,-0.025775986640560765,0.14738669567677873,15.42102831568625
3677,-0.01443620171732072,0.1409800095220414,15.890182209354919
3678,0.021776643549665367,0.13738511119997973,15.292784049203563
3679,0.03046585930809812,0.13812820778585227,14.69027850020499
3680,0.05760808054285094,0.14152089220799507,14.353449750623746
3681,0.06852741976024389,0.14656711362919872,13.852082553495633
3682,0.10612218180145896,0.1616311796308143,13.806729705049795
3683,0.10737278423378889,0.1490366350079769,13.506668054793176
3684,0.11239154028521772,0.1634775724269414,13.488846721861998
3685,0.1140368960453193,0.151591578804773,13.441806960362689
3686,0.11981468958466295,0.1594398752882644,13.24705300931783
3687,0.12358296086361681,0.18015433802219502,13.085477918124027
3688,0.12372009652947104,0.21328865997987856,13.081206465067561
3689,0.11325901990213481,0.23799815343394598,12.685250303420098
3690,0.12117434373855693,0.23703805017395188,12.43430793946696
3691,0.13496916763419162,0.2425744136385958,12.143515457747991
3692,0.1529008866728003,0.2603007161328765,11.629560978104347
3693,0.163458115982228,0.28122414566789633,10.97935085565181
3694,0.17481707613807657,0.30877777297565223,10.786554734805211
3695,0.18006973134411836,0.3285333709126861,10.04905585435208
3696,0.18764038863185994,0.35465282373819457,9.792004768751193
3697,0.21133909319640978,0.35181110188691905,9.751993628652066
3698,0.21186111853749345,0.39981704805473445,10.064579215872378
3699,0.20985791855613323,0.4430423528631813,9.42738584531461
3700,0.21474905833143662,0.4811358109444166,9.189747100448827
3701,0.21329466380390663,0.5187200706026699,8.666819243360498
3702,0.2827374245027948,0.553764312813253,8.737224653145208
3703,0.31812136865133167,0.5908529490276447,8.833124602232878
3704,0.34540118848342144,0.661413810123768,8.766878713842523
3705,0.44745688744516754,0.7311737796916065,8.599761390340829
3706,0.4713906919859242,0.8480803327633536,8.260995374816499
3707,0.5376498325972626,0.8503315618791228,8.057408220059328
3708,0.5661242186247198,1.006859530163013,7.77841906997383
3709,0.6128610600711583,1.0447266313756547,7.582708742321054
3710,0.6602124657205498,1.1476476934246125,7.049463395555054
3711,0.6951964625866198,1.456421613778114,7.0081199976683575
3712,0.6088922720905755,1.675152553670297,6.8136985851931
3713,0.7807883316850132,1.8215964637384388,6.506192670273965
3714,0.809098075625854,2.0399734952330113,6.01725109074202
3715,0.8979797669690056,2.241433464921309,5.710450986419212
3716,1.0470629341326794,2.5242742918280636,5.5682494849568
3717,1.4482180277908987,2.5661325498213228,5.442653127950067
3718,1.725799427807666,2.4937194460559855,5.340484002920872
3719,1.8291703090344178,2.8344634725092455,5.190993857915229
3720,1.9414519722284485,4.446497178945412,5.108527425470319
3721,2.1188747172602183,4.823227802697181,4.950127221934464
3722,2.5621368267124294,5.519306639544243,4.87905536605788
3723,3.0355344272060445,6.362545012272244,4.910735157282935
3724,2.816572715796424,7.659140933540462,4.982657962103572
3725,2.5907613477918736,7.8647089060716215,5.095645011643757
3726,2.44577994281342,8.194376948395227,5.19298612867412
3727,3.4019157199442334,8.591282775935877,5.10803169844803
3728,3.6587111456930557,9.952028556998387,5.22743670224425
3729,4.42549307481737,11.704130853133918,5.509008598558077
3730,3.396671360528977,12.811455785111201,5.874487188958048
3731,5.530856117160813,13.26436693864234,6.122316404701386
3732,5.7165917392452394,14.373970717658938,6.135304401967933
3733,7.477026157864978,17.137307797173833,7.610552420114138
3734,8.55206184917749,18.6930620289516,9.69635813079683
3735,9.010244169741288,19.448774551342034,10.338282569982596
3736,9.794060036808506,22.199730960657813,7.821206698663665
3737,12.872719599411546,23.710796205147634,7.867350106891748
3738,14.289844700585517,25.404731872574853,8.406559473490287
3739,17.225350794115144,27.406890992087426,12.431255110217645
3740,18.228685613553154,28.995437843204673,17.47431873265044
3741,19.66367834044835,30.612746919299806,22.09139097549158
3742,20.61526883281898,31.699418969067608,18.229718149720107
3743,23.480759001799026,33.888246789239844,23.855059952772272
3744,24.809201721584095,34.55856354964001,36.16803124252759
3745,27.899795665012313,30.064226010117547,42.84616193527883
3746,28.401121151937268,25.761817042338073,33.598156048635765
3747,28.32906968612155,25.48414554923947,31.965658536089034
3748,28.14298645413924,23.243077196199863,34.87205703382094
3749,27.806629540899625,21.48209226002485,50.38563545873996
3750,27.707006885268306,5.099963250566802,59.374873796300676
3751,20.089165946416976,-2.6533155941924482,59.12535702277991
3752,18.05706695949884,-8.591809970722693,57.88302486522092
3753,17.975296872965693,-13.24472250276331,55.30775657460854
3754,14.416355935276567,-19.02040286356653,49.13133721453433
3755,10.470833796185325,-22.383613370273707,47.3628958108306
3756,8.597235355285191,-25.885554151410762,43.87259974058549
3757,4.2919290031270005,-26.759784157431238,39.025399124070944
3758,1.6266005496509446,-26.63386933029071,36.932066711020276
3759,-2.1594448702124507,-26.503908834485774,36.56900131036526
3760,-6.280562215565631,-26.290426071196222,36.04722213341819
3761,-4.469780860818338,-25.37736922835113,36.15290639314283
3762,-7.9252333386607265,-23.816512757814515,36.50621530090382
3763,-11.049963745840948,-23.885742357432342,37.196010059621564
3764,-15.021439430615434,-23.018146566693687,36.6211772970184
3765,-13.91833762612364,-19.63280871344149,37.050522854419185
3766,-13.788930549749036,-18.258437381165667,37.77716057483267
3767,-14.203431481008531,-17.156717689645927,39.47436349875454
3768,-14.60624836889219,-15.476280801729349,41.515654847700404
3769,-14.715967512378178,-13.889609570745312,42.013426628213296
3770,-14.552905452111226,-12.638581233919863,42.873837106851624
3771,-13.737272093826547,-10.588955211531275,43.72556377718839
3772,-13.59580435926283,-7.234165744093932,43.76882846447007
3773,-12.848128733780973,-4.051699514848615,43.453935122783015
3774,-11.822416359771934,-2.4546125415484417,42.79405881766288
3775,-11.60849113663025,0.3544360194033751,42.14340967157618
3776,-10.535721149693806,2.8458382678463217,40.851613150277345
3777,-10.696048507562093,3.302838989537304,39.97563617216929
3778,-9.473839587544207,5.216245435103913,37.94058142883973
3779,-7.823663727340062,6.0941782294113525,37.904588995728325
3780,-6.581612668401529,6.936760937735036,36.48088002406631
3781,-4.99591442520623,7.63698926063829,35.08174826906357
3782,-3.564342003196615,8.285745984960986,34.40480424785236
3783,-1.2785402503589216,8.359530323788249,34.63157479065098
3784,-0.6477630718781137,8.361763506017207,34.24571063990813
3785,-0.8291165942769119,8.318782867728215,32.94708779355606
3786,-0.4765953709751826,8.261613198718354,32.45106566456009
3787,-0.7102936455461107,8.238322553553811,31.284017921697522
3788,0.22740915235803827,8.172423158959582,30.89195176410871
3789,0.8914222582494425,8.037713568416162,30.318543300234474
3790,1.5268420124987911,7.929901195524377,29.992699358729816
3791,2.1705220737685034,7.915125171601116,30.776054407846825
3792,2.69916763819622,7.664914436940604,30.612732234874443
3793,3.016810984302806,7.7211490839649715,30.150919918690917
3794,3.9222218409920524,7.568489374852606,28.54332481935771
3795,4.388549669176435,7.423451093834738,28.356857806007472
3796,4.61692460151729,7.331442230876722,27.877948212138374
3797,4.372475090482805,7.2486595396133815,27.832923636012232
3798,4.642336820265825,7.190819867038282,27.307669603328037
3799,4.8426731625797474,7.114026404139974,26.817804471426207
3800,4.987222372685276,7.0820299341390305,25.977198013212707
3801,5.049214058712758,7.098770726919749,25.712763622220248
3802,5.237035327184275,7.203453850477816,25.50628304946415
3803,5.791582095063065,7.172209466742474,24.96923638917695
3804,5.895809020773335,7.296255170166739,24.73617304117397
3805,6.127019566872156,7.404427397048031,24.524055735802662
3806,6.228030613983939,7.548211966324303,24.46084232269397
3807,6.462559487938592,7.160366239298645,24.19505275834974
3808,6.524883113062863,7.273917746738396,23.835268916917848
3809,6.597860084616162,7.293656164056092,23.457252134729806
3810,6.659376011571161,7.449228596360801,23.104879456033512
3811,6.682445557222746,7.345468877528601,22.900973855978673
3812,6.803090451935245,7.510502141933175,22.779789998157383
3813,6.897532574793688,8.239867880996325,22.64408845213573
3814,7.069950920602229,8.58021205366324,22.619895051514913
3815,7.074294174794973,7.828882796610907,22.623414362187333
3816,7.174212454308809,8.340089182034571,22.659840626396864
3817,7.25493486663092,8.505297193179793,22.65398713984089
3818,7.449383982039799,8.888023786353658,22.668748778323902
3819,7.6777111493333665,9.210130837353443,22.73840585339639
3820,7.941205582899003,9.914838554286598,23.325743294619183
3821,8.108304192256284,10.20868110676758,23.371481976993984
3822,8.271706035177951,10.427627836514018,23.173290913507405
3823,8.358953667388159,10.71591024725601,23.804794567519973
3824,8.530210369752979,10.95518907721229,24.012144800461
3825,8.722104017395559,11.644589435319888,24.393416071492982
3826,9.058687666621358,11.164630661245221,24.6196183339176
3827,9.00892668690035,11.262494564885086,24.88530224117556
3828,9.267972650927568,11.355086536277271,25.32401702051521
3829,9.4723306926615,11.646780361926025,25.501026709175722
3830,9.601494552832284,11.825754276735555,25.660764323280365
3831,9.820322977657183,11.890800605182298,26.093041544863112
3832,9.932255167008547,11.917897201861294,27.014993468319755
3833,10.19766901518428,11.894293878337352,27.540464853739493
3834,10.408220287477151,11.899846141580161,28.18697365310022
3835,10.321091344314661,11.728946142669095,28.372693901214895
3836,10.521059041376539,11.61578103963629,28.81890298253352
3837,10.650863273546994,11.399185809094728,28.885947137294227
3838,10.814395466330321,11.427157227421654,29.24152602011141
3839,10.859648473667939,10.984353539094053,29.473292087940933
3840,10.870259508873955,11.065443914021444,29.89905602084514
3841,10.88893802250049,10.107095290044965,29.702414347650148
3842,10.85240249080334,9.61731422176544,30.126414546159314
3843,10.72402513737269,9.421956433792841,30.369947351918004
3844,10.58613721212198,9.330548927835947,30.37811812571275
3845,10.395784555295162,8.839655928255658,30.44749881823981
3846,10.228402447566381,9.433675963134805,30.550469293078656
3847,10.134524488465766,9.639098958395723,30.70303067529539
3848,10.082102222677356,9.424427358377711,30.751025329624714
3849,9.991767351431077,9.177824049784501,30.838930393031465
3850,9.767829920412092,8.920886056985697,30.916789111523048
3851,9.740460483100474,8.521638654145741,31.040379005694266
3852,9.58507408461043,7.982567356653687,31.040940169375812
3853,9.288869854577126,7.485617374476454,30.957978919727715
3854,9.182282632141172,7.119267520761308,30.85063738997131
3855,9.01733337251125,6.499300561043734,30.82108911478647
3856,8.743544729954058,5.935451318268206,30.470842213031773
3857,8.801135214836007,5.223046827532714,30.289437818518813
3858,7.983704430278726,4.832125048741188,29.648064544166587
3859,7.360192544848113,4.656483466122622,29.880239428915118
3860,7.314039263312787,4.402793673557252,30.39487603287123
3861,6.951481004896728,3.909594961557751,29.899332225474943
3862,6.5831072236175325,3.816357167555797,29.40891968806749
3863,6.347442942841246,3.6467809517146423,28.033205917207038
3864,6.136853395536204,3.580342165775677,27.08201700056714
3865,5.82763456697081,3.6098746792996175,26.262225928644725
3866,5.8074939711304765,3.629902847962261,26.025724817257924
3867,5.593575325484677,3.699757124204793,25.49590248855259
3868,5.417252713135094,3.818093024200625,24.04973637569406
3869,5.290809998276336,4.324871464031445,23.509327983393902
3870,5.135166066005545,4.69223034291308,22.929543251915476
3871,5.093484466786355,4.825143333059403,22.526937781065037
3872,5.094502301930508,5.3714875436398275,22.294193402393145
3873,5.10339244355875,5.863433481428244,22.142751490907038
3874,5.05350937751839,6.057690618283144,21.655489246656487
3875,5.233341722467916,6.240207309330408,21.269841308143615
3876,5.328759212733389,6.832931537510361,21.026312296464983
3877,5.665756655967108,6.786859421746319,20.77535807274575
3878,5.771883967145478,7.291924332515932,20.604593259450287
3879,6.070375000681779,7.900923246524415,20.461014410774002
3880,6.1985435166616565,8.545711839405511,20.49339548912147
3881,6.910909430881867,8.949434147763947,20.463077199542827
3882,7.324028540250122,9.972011445378902,20.372374538051325
3883,7.677238453654309,10.071788710754374,20.5031666307076
3884,7.795102783360958,11.10774048216298,20.90755839411925
3885,8.12853679840115,11.758429125011999,21.478040228825684
3886,7.614644851284169,12.047843639079494,22.08269630364249
3887,7.701054291080394,11.95266899929815,22.688683665684927
3888,7.23276701648671,12.25220676469772,22.785980477136007
3889,8.244791526424022,12.500912713170203,22.778376458392533
3890,8.752558354948683,12.889130422283213,23.160598260743715
3891,9.14976289127117,13.294548890884206,23.749620111178466
3892,9.030582888827627,13.514898621810596,24.02827049722187
3893,9.432036421924915,13.614836264900076,23.950848002876278
3894,8.948609103818468,13.902496494259145,24.855963004761392
3895,9.423376761179915,14.048399551334178,25.5919220939745
3896,10.498550715772186,14.160576655917634,25.78460234395122
3897,11.36435045035787,14.290534343512096,26.45681971126353
3898,11.753387216768614,14.325128998658593,27.439542788124886
3899,12.159564558059982,14.26311664142893,28.371508078104664
3900,12.360423858661473,14.006109809280357,28.573087439753262
3901,12.284996034508225,13.425414182126666,28.793982771964277
3902,12.412906463153838,13.115947140535537,30.260630662587186
3903,12.528491291037394,12.727391861562417,30.975327417802188
3904,12.539028645685557,12.707099064556264,30.848018868579675
3905,12.558786228412885,11.671135133145924,30.652292470043673
3906,12.489299721727397,11.403053023556026,30.503328289858874
3907,12.182778918305821,9.275515633084508,32.009812252583735
3908,12.003100870487335,8.826890221842673,32.03506606773161
3909,11.470885722059585,8.087520667884254,32.21167398947449
3910,11.040144584253289,8.655915344559473,32.26155929669375
3911,10.855899866903338,8.540274246810569,32.49196700176865
3912,10.66736393966102,7.771768129582772,32.552890703244046
3913,10.542978979110249,7.1612626635829315,32.49744411166894
3914,10.55381919669595,6.185904735107172,32.44982363667894
3915,9.794023826842544,4.788933821494441,32.19260584904471
3916,9.649910027157704,3.6074915188984775,31.72219238367099
3917,8.248853706870612,3.564405805484938,31.230987494697647
3918,7.468981735449363,3.15486307040117,30.93712318137053
3919,6.976111205975282,2.852991494888706,30.552049727937646
3920,6.409129936893207,2.64804619339532,28.68937446224716
3921,6.323761072783306,2.5795360770871625,28.277508331058424
3922,5.642243011397179,2.572209220074811,28.009113346789906
3923,5.459522242677589,2.5618926667925908,27.393181722210915
3924,4.453875585699321,2.5700430366489666,27.506098119301377
3925,4.353544656461787,2.5631787828045,26.833663765988
3926,4.075815681288412,2.5964303548791756,26.04631212707815
3927,4.0868989718521025,2.6598915701177357,25.456356893334753
3928,3.859423025722595,2.6603260142059253,24.98512571397148
3929,3.710584184284158,2.995506991994418,24.54484439285453
3930,3.6018719371270222,3.0895281094573694,23.523774831248357
3931,3.5836804765261423,3.081701849174999,22.829928390235153
3932,3.4756920790737076,3.2080848118489365,21.066423461738367
3933,3.4740318687939764,3.3671221794162856,20.751159522577336
3934,3.4585762522596726,3.8499029032918726,20.485548375110543
3935,3.545359640004707,4.176684825821715,19.806945181634806
3936,3.6359024473340775,4.489656498690192,20.07674992482095
3937,3.6461626160439975,4.780933282378701,20.4353451046495
3938,3.694056209018679,5.022255053903581,20.116075425892568
3939,3.92048779193944,5.238004679839843,19.830747342100537
3940,4.120820972527066,5.711120571550629,19.66903619514205
3941,4.152289207511858,5.561014556098089,19.35902079359977
3942,4.053230772177787,5.627990399517399,19.133740651430237
3943,4.139561337282981,6.267459220103053,19.120091902783688
3944,4.080153462561083,6.26550490918793,18.88519015335423
3945,4.290412116723635,6.687013858974313,18.64794937652358
3946,4.660833305440877,6.4794092979771,18.303292323208517
3947,4.871456061079184,6.593012870154998,18.05704787602127
3948,4.9522334125407115,7.4694540019908215,17.779766317774488
3949,5.151165603879365,7.941005267329872,17.668797868390232
3950,5.607982872934239,8.745278487281425,17.568091040946598
3951,5.803024276152484,9.428793311357769,17.596650931585792
3952,6.057879883776721,10.21162427216262,17.780108288844787
3953,6.793214866889363,10.909679897779466,17.836502769875928
3954,7.17405586486595,11.254505587528504,18.129975604151312
3955,6.865614953883185,11.473915071159782,18.742678719498844
3956,7.456548134992538,12.006050271571361,19.045262055326273
3957,8.45003071130965,12.446696429306739,19.875745784610345
3958,8.843676027494297,13.325385505152733,21.195717969539405
3959,8.986041480872663,13.823354105141028,21.81997947579761
3960,9.61720173592581,13.922313833939615,22.15160798456781
3961,10.220871879035094,14.22344130573678,23.034642494685702
3962,10.143913196456602,14.496526626572864,24.878148557746012
3963,10.444027897068034,14.62830992089907,26.262587217861316
3964,10.91010617183292,14.673540989922815,28.022506695200565
3965,11.365150572610364,14.388140694538947,28.785384665042734
3966,11.657222451307003,14.208940269231729,27.85240304218215
3967,11.914406548271018,14.063987571117186,29.60511446935513
3968,12.298341540451581,14.342332576088305,29.214771443121897
3969,12.522898953008681,14.294177059390952,31.09568391956145
3970,12.76024315640835,13.861776264294273,32.41972711787928
3971,12.963489178021936,13.003158815619063,32.97479780532936
3972,12.96485737654406,11.269865061326593,33.79732887388026
3973,13.012591851461647,10.558042106674632,33.514504558105195
3974,12.64080439333604,10.45675726396168,34.04002671725813
3975,12.338586684223442,9.643328529936312,34.381169437328545
3976,12.103036463952888,8.572782211136193,34.59225923250967
3977,11.657921468727324,7.676745545680552,34.29454635998844
3978,11.259396325903912,7.008748887722179,34.276897849120225
3979,10.796043546551802,6.337060148267797,34.37537762000795
3980,10.252579952118063,4.859283240669836,34.1373555581247
3981,9.018581563520662,3.4046114554689826,34.06258394130694
3982,8.383632000294392,2.8903960075457533,33.66576767035547
3983,7.92586266760835,2.9078899303865238,33.873215645687914
3984,6.958198595297846,2.2886257280352016,33.05713144537006
3985,6.317773501223036,1.9689493783255074,32.29094442440005
3986,5.781840376848133,1.621524216487478,29.682848327667376
3987,5.572248257769955,1.4629327389002524,29.730329655733275
3988,5.108480525184349,1.3998802381108018,29.51098026539974
3989,4.563175528170661,1.3743047783508178,28.068727422493176
3990,4.559648428809741,1.3464059941179158,27.41134644032859
3991,4.0594998226748915,1.3818652776247056,25.92562937563671
3992,3.7796826867739286,1.4417908385063398,24.420094941020565
3993,3.550385128445357,1.603257073894047,24.309749262828277
3994,3.5745422118456376,1.7974817565768342,23.95984645375004
3995,3.3997440274562343,1.8291589174078657,24.036745962133796
3996,3.2237797629073417,1.9015624259970592,23.771077237214108
3997,3.149436720471647,2.0237633816555185,23.508650234193325
3998,3.093709367476115,1.9949397573753416,23.175488877743895
3999,3.0709617852385427,2.136264430307863,22.745598160903622
4000,3.1708127296266797,2.349076623860525,22.040333563854745
4001,3.085039785862434,2.614134533930222,22.01564256428047
4002,3.0868814788844556,2.626658804574559,20.891355218330567
4003,3.1187695038517727,2.9298746078673825,20.480473145539264
4004,3.101558243321599,3.0484717424620307,20.24659718809384
4005,3.0864735461715953,3.352162120137963,19.886030861546597
4006,3.10710312536832,3.392891808457424,18.581380807102498
4007,3.14081369910643,3.6426923254218133,17.778038595470374
4008,3.206250465908639,4.084595027686275,16.943856719345217
4009,3.311143564799751,4.389535742991547,16.879470441784008
4010,3.5088122840225804,4.559852958873275,16.831028305140904
4011,3.6338975600597574,6.206420434482485,16.333909324467285
4012,3.8191584244660692,6.2394984950083705,16.586325975368805
4013,4.0667482952885905,6.1521009596392835,16.106494693104533
4014,4.320589746213907,6.951098466597338,15.969088310474437
4015,4.6780145398398325,7.4092233039292745,15.847505703213198
4016,5.030852471999217,7.545632101952855,15.682937785714646
4017,5.187503191445749,7.617821266915214,15.673077360637
4018,5.76845388036297,8.697550125446558,15.647728226884125
4019,6.040700873740158,9.33192543399528,15.700669661679715
4020,5.714200775802022,8.785114042397272,15.8504771314496
4021,6.185222081326983,9.302752770626265,15.964416888172714
4022,6.6284164245230155,9.55182710064102,16.2762106230497
4023,7.185934406995746,10.146334340984101,16.550738232804093
4024,7.512977985467476,10.677350994586769,17.138154222984568
4025,7.8705177420758545,10.98873410351001,17.630820824465026
4026,7.98596152497383,13.11823678328076,17.85064216864494
4027,8.896783229979478,13.895061427196817,18.591854168058017
4028,9.268340117027064,14.629316772393402,20.247813027224726
4029,10.080295564555552,15.23470181875137,22.176551743998132
4030,11.458511291372435,15.430798553477317,23.93526839151912
4031,12.493286045006013,15.958789537948137,23.818697482430082
4032,12.510351468919138,16.38288182916451,25.118650664311485
4033,13.14113837633829,16.77731755431745,26.71260997272401
4034,13.246694919310762,16.779892078998845,28.583450132717225
4035,13.689626978171367,16.339669309688304,30.14831987044761
4036,13.814728533019533,15.952432914786709,31.157984293397053
4037,13.998265174826358,15.047661146562167,33.13014420066824
4038,13.938637223518258,13.612305926104508,36.22264390698929
4039,13.901054019615628,13.15643579310897,37.118184611967756
4040,13.765003280588058,12.709488679266645,37.76877406863511
4041,13.741891697152164,13.459835866029362,38.56996251598614
4042,13.711432285100523,11.923198497759751,39.23185434023708
4043,13.688913314311453,10.67256669441704,40.024698091011366
4044,12.996070268393481,8.652188692166721,40.48223818769003
4045,12.188091775500201,7.193512073081472,40.54278295268887
4046,12.704860578773271,7.10979728452225,40.242708035197495
4047,12.037412574536988,2.9591674576349476,40.051597059414306
4048,9.838559989222208,0.8674900222255357,39.08220827617035
4049,8.706323829074034,-0.8725578382683243,38.34003329600814
4050,8.000835606228716,-2.274634663970396,35.149006627050845
4051,7.380774694194502,-2.8301843153267883,34.29571495112748
4052,6.678782807166709,-2.7628362961043824,33.2335649644692
4053,6.488497144646885,-3.1043928702083288,31.65580878111895
4054,4.652291712522039,-3.1123251911288126,30.5244060316725
4055,4.242451974312044,-3.3186533200298536,29.379448356601102
4056,3.524292406160636,-3.3505857338102984,27.29936890332588
4057,2.6936656528803224,-3.2082587683263246,26.024172592510634
4058,1.6736777122455568,-3.055397191165542,24.674629155485714
4059,1.7810586332683114,-3.0708386098168083,23.937798922798322
4060,1.3316723802267938,-2.9724490500779894,22.68237290308119
4061,0.8034779455580526,-2.9478507022030707,22.18073155957731
4062,0.5361132664418368,-2.852413294893327,20.90373372547667
4063,0.4288588883074924,-2.8037763667973405,21.494357031880373
4064,0.11575819921076036,-2.774311494073112,20.69980225360912
4065,0.17302207252557492,-2.744221193293098,20.42632961375646
4066,0.05406391606502681,-2.6997008495035915,19.3976295274944
4067,-0.3668515020719665,-2.695241128657617,19.371208225288825
4068,-0.5231852673209121,-2.699063859946254,18.65489816182337
4069,-0.6540692745288029,-2.726013157226064,18.12263013537277
4070,-0.8451497693125508,-2.7972247155543486,17.49223135881835
4071,-1.115600346120568,-2.8531056907678636,17.058011740264153
4072,-1.2665743720486005,-2.9339901048294847,16.677985564383057
4073,-1.6087964137914528,-3.002663499365306,16.578637086905395
4074,-1.7584251381078442,-3.172534599757384,16.053917245571164
4075,-2.062780155961966,-3.2174489753625823,14.48179455762089
4076,-2.140530572406025,-3.439434947486622,14.429195288349312
4077,-2.2666153021151656,-3.654539199120678,14.303306316640507
4078,-2.4063340754769724,-4.220756850274176,13.932578415015394
4079,-2.498578669401381,-4.373702143479652,13.870672140015854
4080,-2.7794288602106714,-4.906423457399235,13.523659153812504
4081,-2.8610772761614838,-5.0030686238785345,13.103333616783067
4082,-2.888591043822964,-5.5364591803661956,12.744169255430986
4083,-3.2501754640643314,-6.2991482533321355,12.555197515165025
4084,-3.6973738243399525,-6.805857659527373,12.36524637018039
4085,-4.072946763363548,-7.811366849410835,12.163639493645594
4086,-4.40422935166662,-8.965774485531025,12.158754756890929
4087,-4.813170441636917,-10.941808348900697,12.23147158800597
4088,-5.496401869828471,-11.443725940608742,12.385520642910791
4089,-5.473092312473508,-11.952897191375405,12.537931259658317
4090,-7.350852363826108,-13.177206995242342,12.65188757831402
4091,-8.396564036469552,-13.878348709974901,13.228578928237459
4092,-8.510192795462817,-15.230342014894125,14.633715151790465
4093,-9.43075134721605,-16.25233653946034,15.143147317408587
4094,-9.563497525461477,-17.56009510409936,16.41554858250167
4095,-9.185156331632923,-16.84440495279256,16.866575691834345
4096,-10.161119401939255,-17.133484766051115,17.941949773686225
4097,-10.615753369388452,-17.320072779761,19.455245677033993
4098,-11.716671662716623,-18.197180084681214,20.262245795704402
4099,-11.993838180017095,-19.37978150809026,21.79398825169008
4100,-12.446707655046604,-20.258582960946907,21.669914966361002
4101,-13.2502089082409,-21.041519319562056,23.903968456836886
4102,-13.916043911930565,-21.358129407268596,26.251811930382793
4103,-14.941659777727855,-21.38127413119219,28.090030935652187
4104,-15.768741634301172,-21.185784003684883,30.12267883878692
4105,-16.408148547751175,-20.27128690262204,32.04136763054421
4106,-17.394689007876448,-19.72673098036195,33.795449190084675
4107,-17.890357702968593,-17.692715998729003,34.7395876314638
4108,-17.868705842062372,-15.936686888331785,35.36847273356084
4109,-17.782327247901634,-14.234874947364801,36.924999406460714
4110,-18.07512404453497,-13.090042496512817,37.63892869403919
4111,-17.304671512720322,-12.334836334339471,38.44052128582303
4112,-16.77541660957408,-7.435272418326492,39.887647412019746
4113,-15.601919257744647,-6.266678975227251,39.935942152540264
4114,-14.196814045983679,-6.5510172717523405,39.9128287714424
4115,-13.486191977428163,-5.908022149170906,39.77641575338224
4116,-13.071564025913153,-2.354892996126925,39.39612782183624
4117,-12.335997341081331,-0.6984101929775088,39.19086953577009
4118,-9.514320608795598,1.4110632541880481,37.66434703116764
4119,-8.707805440831002,2.6435108480143996,36.053135206256705
4120,-7.412444798633309,2.655912680818372,35.04999452900209
4121,-7.077384546602587,3.3172751971651455,34.86198115152228
4122,-8.4018470100685,3.648680221722166,33.84189030390929
4123,-6.930083301000209,4.197304381787018,31.80087653746182
4124,-6.118213539717578,4.374072946856094,30.71093881503094
4125,-4.4129881770562704,4.5260583092152915,28.850049176711966
4126,-3.3705320751687857,4.510295139714287,28.104914129059907
4127,-1.5695040058750227,4.437041548490908,27.560401494091625
4128,-0.8670368851423903,4.391428071230155,26.2893519726827
4129,-0.1994074624588752,4.312193915206823,25.209835725972255
4130,0.7986690651516392,4.269616540661409,24.146204668662946
4131,1.1380891472235704,4.282139544633711,24.119443021301905
4132,1.3280988649110816,4.2847123239446905,23.18366472374572
4133,1.6859413416279696,4.299250842991614,23.060821160927613
4134,1.832210767103065,4.3106999508909345,22.21157131902952
4135,2.4840707636113293,4.398488924830764,21.404737190762162
4136,2.6512880444592546,4.451850488091335,21.268290049002665
4137,2.7689743168214527,4.436278964418407,21.375763754146625
4138,2.603269822190878,4.773644051134423,20.690277494098144
4139,3.0215091940391083,4.894882503679042,20.20373495410232
4140,3.1902431007949916,5.006207223815532,19.712916039609244
4141,3.555446450679512,5.132829270324205,19.419249496669234
4142,3.727379930943135,5.596632645695643,19.396396528572403
4143,3.748662412847443,5.888406783621009,19.05273437755378
4144,3.6963285031767352,6.105301451063081,18.58900031109887
4145,4.120277237976027,6.237997540021246,18.216568437344133
4146,4.534978254575428,6.548721690937267,17.857348791235488
4147,4.54955252069485,6.909929434934769,17.748061424353313
4148,4.797945762267715,7.339917935892237,17.606954722686297
4149,4.792651002089001,8.234941249891907,17.625274376591072
4150,5.100517102800423,8.128165191078642,17.569075003823897
4151,5.465395481728395,8.314797728857569,17.553205958059802
4152,5.20445644516565,9.291129068596423,17.539549260231908
4153,5.316783847938231,9.886180157521071,17.562530932128205
4154,6.101440773901686,10.373226408410673,17.57648207480833
4155,6.535789822558278,10.926881696008722,17.69391347851344
4156,6.84926366100446,11.67344238257374,17.752481012631605
4157,6.940007457063238,12.211453575242645,18.886575578754798
4158,6.715807316563386,12.682158146162614,19.50135555454117
4159,6.573115061131747,13.322360592313114,20.334009936424096
4160,7.285827241100931,13.68377132091804,20.712681447861286
4161,7.932855415060339,13.884078729006212,21.308857262546518
4162,8.814638995932578,14.748004657541857,21.994202701099695
4163,6.3345780140530294,15.244631088842485,22.86444309746229
4164,7.581560461225594,15.428409496117828,23.47612491215616
4165,7.972211014511105,15.628964713002066,24.021470807967518
4166,9.039502233789417,15.81987544461237,25.04021336521995
4167,9.859682158792088,15.804101717555339,25.31760565744566
4168,10.180533984080263,15.892758569554596,25.97178117361401
4169,10.634486388798788,15.926862115895016,26.662666109944176
4170,11.057735720727022,15.91052606457672,25.824726098822005
4171,11.984508133897084,16.05698368850093,27.935115436835524
4172,11.848855378037397,15.931030936802363,28.79546636325887
4173,12.149342564395184,15.355501889614356,32.64595874146589
4174,12.358317084068357,14.750574200308403,33.34271887772286
4175,12.92294739885785,13.886889418182156,34.38868879528825
4176,13.027049472901236,12.358669349461357,35.207359718597765
4177,12.941597878438115,12.279349641706863,36.04966475259145
4178,12.87256303972595,10.452654975989342,36.57555275672305
4179,12.740448145499716,9.578353117429877,37.105135570246134
4180,12.766044826684682,7.80789144290146,37.52094930547275
4181,12.198820043396251,5.177302928505004,37.52057627740818
4182,11.657407723336378,7.778251043292199,37.053762848568184
4183,11.184405627120864,6.8530890201513115,36.94301627124484
4184,10.708049030977161,5.30385402393865,36.28623641973246
4185,10.456667575718749,4.524677761260946,36.47611070841255
4186,10.16701474552136,3.4095492658829727,35.78631214829488
4187,8.610010503142203,1.8998578098681198,34.51075448221961
4188,8.201135966663765,1.725259155071155,33.37046172982415
4189,6.696086118049934,1.1166472158372822,32.82820897571693
4190,6.406529474974026,0.9034131262000215,34.17963988605649
4191,4.977316813212724,0.5952862263718275,32.92076521069506
4192,4.239889194114472,0.3028577892899777,30.639132709317504
4193,3.8117829459885915,0.3826600427863942,29.844767955873046
4194,3.47702989477105,0.281512956218615,29.263061237214213
4195,3.5124623911933432,0.3451370258700743,27.926919085728425
4196,2.989095599976654,0.34559598699971694,27.045529239352486
4197,2.7943803008858956,0.40462423980229134,26.36872894441326
4198,2.809120225472183,0.47026525396465446,25.929475552616367
4199,2.644476839117999,0.5174371132640676,24.79244995063528
4200,2.445964757036779,0.533313927359464,23.866533881261837
4201,2.331157180541047,0.5844998203528383,22.86304708849625
4202,2.415871737245977,0.763903510927029,21.851842070019966
4203,2.2463322976852558,0.9842524766942145,20.995390523287494
4204,1.9110951751449496,1.13645869483157,20.40274452584783
4205,1.8239178211758762,1.4070428304020461,19.971127662036412
4206,1.780913675399881,1.5736991491573802,19.54101242992261
4207,1.7267174491287867,1.70198678020901,19.03608431133614
4208,1.7246879409516105,2.1255962396716903,18.153528042187087
4209,1.840662859876581,2.232462717565808,17.701375223073978
4210,1.868905013762134,2.3081248112615027,17.297159783306494
4211,1.9052148034391234,2.4439403071834462,16.12510624442067
4212,1.9437028701747305,2.6052251896014584,15.630544519879574
4213,2.005241757493618,2.8379391313326785,14.999990172396084
4214,2.0776343597701894,2.9554341591763476,14.775705573715314
4215,2.0322105123908165,3.364039718848711,14.421605985179895
4216,2.047030083221908,3.706287497127025,14.10720064224922
4217,2.2191636620978383,4.131715987955924,13.929345864803267
4218,2.3893359689360216,4.317354638565957,13.783232458323804
4219,2.5704306185760277,4.510325833448016,13.43833059864662
4220,2.9665544840995572,4.938280446973306,13.245033128853018
4221,3.14446390974169,5.31753929494648,13.102264554370642
4222,3.295681361603452,6.025895055768673,12.93518572149661
4223,3.588369926211267,5.976344304768584,12.822189777932042
4224,3.8232022220200688,6.460842621892818,12.751361754666865
4225,3.8236057560344325,8.374852692508382,12.631921542624125
4226,4.379468248731474,9.471174256079179,12.61075300256372
4227,4.30595606022805,9.470475103847809,12.699058665391647
4228,5.0853730358427685,10.104483754076018,12.801691789742398
4229,5.1073704959245525,10.397288051322793,13.120300671611123
4230,5.236751741680267,10.994530422949568,13.309960912346183
4231,5.220311933492142,11.623047168365927,13.655800486681512
4232,5.786568321786711,12.325682956233912,14.284894301499381
4233,6.704385308465538,13.153540330446523,14.690631089393781
4234,8.415787734035055,11.75207048167836,14.335095337102937
4235,8.826336890663516,11.668105711423864,14.779257238999927
4236,9.752264917403227,12.792734498719792,14.979846863218931
4237,10.24630190743874,13.700620167696982,15.259411492315213
4238,10.593176264068486,14.077352135366569,16.87756516618429
4239,10.697986157425932,15.167950479052736,17.957849205847854
4240,10.990959645203198,14.793424946078403,21.131224607828127
4241,11.33435489419398,15.793097068305284,22.45899273074983
4242,11.746094062963378,16.31321039703161,22.810147896650435
4243,12.536844042132667,16.77756939308393,24.57404494475114
4244,12.889599513852058,16.96404735662698,27.001894486009856
4245,13.892234389978189,16.921096446454918,27.169310631471653
4246,13.986699518250418,16.836808288872064,28.056716071229715
4247,14.29312193341587,16.943338785025382,29.69200416631266
4248,14.515912673959193,16.283465932846887,34.07470275724891
4249,14.57210816221177,14.514172223995155,35.283439957232936
4250,14.56363605221441,12.891236490555714,35.24413539588569
4251,14.368902326690222,10.365094460207986,37.89910914209578
4252,14.073567565157736,7.1110404479250615,38.23422546621475
4253,13.425700385715334,4.490181324048814,38.238397759671
4254,12.141865063022252,2.536551251775985,37.96138106680473
4255,11.25705258212657,2.924061572581791,36.95994642219015
4256,9.675967335309434,0.8199569154352018,36.44558576224539
4257,8.45904392038957,-0.2605504049985199,35.160743336526316
4258,7.376958819190294,-1.6726339540782402,34.28622971817177
4259,6.2159463447370165,-2.3600601749281584,33.500686755603155
4260,6.26432752238149,-2.5776469761805743,32.675643358654874
4261,5.574491724759415,-2.9081224865385904,32.122590502690215
4262,4.762338138727902,-3.2217938184956734,30.12831121925784
4263,4.237175078501306,-3.2967678876170226,31.175087935797556
4264,2.5044252975781838,-3.4181149885486692,29.782099235198523
4265,1.5170446388459058,-3.422039313132496,28.44501983206414
4266,0.886962874928957,-3.3940630656368573,27.517540434394277
4267,0.17511926764515318,-3.373245551588821,26.534474748026227
4268,-0.29028568329272003,-3.4357402544143314,25.44979953269069
4269,-0.6907525890016062,-3.374576238508733,24.49219395006802
4270,-0.8641700166586381,-3.3793909244748432,24.22457178542059
4271,-1.1405025476691097,-3.3772971127032303,24.11591156473366
4272,-1.3155691547151787,-3.3924055457036486,22.59496049198831
4273,-1.2232117115570162,-3.409420716465102,22.054630327990356
4274,-1.7445423096604722,-3.4938519009019506,21.363195506276686
4275,-1.934661394678073,-3.546041080338991,19.992987819750088
4276,-2.212246467612014,-3.7601449340312403,19.002203505260724
4277,-2.5622741402959464,-4.239127694827079,17.548739393189216
4278,-2.845731094265416,-4.493435177595849,17.125014348194856
4279,-2.959074055019271,-4.905054360111661,17.077617546091588
4280,-3.287093391770572,-5.032657175149065,17.199768677484997
4281,-3.6100795083701827,-5.44735763510782,17.0093674565835
4282,-4.082286709152125,-5.806466669254167,16.791945088750374
4283,-4.279748556195198,-6.538573571603509,16.51113530086077
4284,-4.538793088900565,-6.450515202736595,16.337312344534073
4285,-4.35008823808967,-6.985765209650449,16.13127949443788
4286,-4.577993735854471,-7.9180676155267555,16.084588784677187
4287,-4.929945844642208,-8.395509061225074,16.01418333132553
4288,-5.297522752668923,-8.90756071768031,15.993947190068683
4289,-5.391384331636828,-9.170816263863905,16.009662781871913
4290,-5.693073108763744,-7.693728771278611,16.06044362923027
4291,-6.040410151759064,-9.586914741830643,16.07575176066341
4292,-6.349781490333376,-10.068153857796016,16.252689818174268
4293,-6.033220992631847,-9.111154921054705,16.379999741085957
4294,-6.062705615523146,-10.627027291185286,16.557597326048114
4295,-6.903841055914894,-10.21484601700011,16.68413354029858
4296,-6.801676277831137,-11.033440558436101,17.001485998812072
4297,-7.268263132504665,-11.618132907888521,17.049377777766267
4298,-7.5198151803123245,-13.208855968738133,17.739530542277603
4299,-7.893167313101358,-13.502272588990355,18.9593919329306
4300,-8.658576185758848,-14.681692336081895,19.599049461259302
4301,-9.507298270909265,-15.095157962897702,20.2472258992787
4302,-10.416638408408133,-16.057821476319155,21.15133376740284
4303,-10.945922337988234,-16.709587723896142,21.740069160234203
4304,-10.672927027461077,-17.340507032509926,22.80186024137288
4305,-11.379187459822342,-17.458716216826904,24.176188817036323
4306,-12.368192273163432,-17.741026084578344,25.42956202515463
4307,-12.80131647645998,-17.856856375691255,27.051453213506512
4308,-14.63392431665941,-17.8092924174853,28.041710082806077
4309,-14.76224207363199,-17.687518850104237,27.808675806196234
4310,-14.915385894318,-17.02073550531338,20.43957166011981
4311,-15.315893239687682,-18.26536671421059,22.433020021590252
4312,-15.656016506286928,-18.780258323127182,25.497527098238965
4313,-15.670969993651628,-18.96065403965268,27.277565846246983
4314,-16.028664928841184,-18.862135365848786,29.98486015833006
4315,-16.048125342143294,-18.35799327472586,32.91444439608683
4316,-16.4210996329516,-20.334339483805763,33.67563982128083
4317,-16.526799398976195,-19.403881323122526,35.640796394533254
4318,-16.81021985652906,-18.56279329174783,35.554710312228586
4319,-17.155768364909814,-18.802902889484788,37.46844252651854
4320,-17.191418378210393,-18.009007151648483,39.386156601549004
4321,-17.29419171788489,-16.789199976839072,41.98493413441517
4322,-17.236357000555056,-16.007499858852103,44.837816031655784
4323,-17.257061556718625,-9.879925406317966,45.60599610701603
4324,-15.672541287432635,4.331419482617829,46.11393596553293
4325,-13.809622246493662,-0.53700745328449,45.23643198735789
4326,-13.686285600733354,7.609965012154619,44.023776687354506
4327,-11.032996872101885,7.610727823422419,41.66382573190474
4328,-11.145315223500484,9.946739624429881,39.78118650531257
4329,-13.304752192395988,10.808665524139096,38.34723773158847
4330,-12.339339630584295,12.087815766014618,35.33180869759749
4331,-9.517379277467853,12.803573237865832,31.72812166045447
4332,-8.211251160851793,12.911394955760036,28.83954610477182
4333,-5.172707542790951,12.84277519024323,31.672338171682718
4334,-3.0076161673075776,12.960224111542995,30.50019793376326
4335,-1.7253651166997734,12.849311757269495,27.812491250599333
4336,-0.7966625828348266,12.787997113297624,27.647629384213904
4337,1.2685857696787948,12.745104279937355,27.226531063987796
4338,3.2759834941602772,12.690343496090676,26.223064605657655
4339,4.244063716350094,12.607698065164527,25.981837943494707
4340,4.109238169259818,12.590692240394507,25.773268315729602
4341,5.8195444448723785,12.600833130365142,25.53690840071986
4342,6.917844125350699,12.614136517109632,25.477157478163555
4343,6.609477005071096,12.638961325862608,25.625480444247703
4344,7.510380917072666,12.666084279782854,25.70206154559536
4345,7.959275187470618,12.666832774929176,25.620425813900738
4346,8.537512395586937,12.723375855611144,25.84961352023935
4347,9.039056378586851,12.794897919645088,26.145010624082182
4348,9.274656191633117,12.817015409958664,26.51702207745153
4349,9.826847088383516,12.830900741925094,26.870164364997112
4350,10.13820311736497,12.838922512363151,28.098971409684236
4351,10.687884156231018,12.599228614549737,28.906077963481415
4352,10.866596727533137,12.590854872462515,29.563823531782166
4353,10.860295703168186,12.321164676010078,31.99113609013796
4354,10.974105140511393,11.959876709523916,33.44363158977684
4355,11.14704066267936,11.411437114892507,34.527950624230336
4356,11.169913561662707,10.412279321221424,34.95740606914222
4357,11.073330038480618,9.442172355738164,35.18033214510718
4358,10.948580707340172,8.577515046453671,35.24403217226339
4359,10.791402911276295,7.682511787679121,35.242544002588765
4360,9.808458187480989,7.022356667699803,35.02959570549344
4361,8.99755631854454,6.499071718497812,34.71864599316359
4362,8.483118630630988,5.545413139234597,34.35280223799702
4363,8.513313448615483,4.910829505228071,34.68448615373404
4364,8.402932855718435,4.562304842489378,34.216752763809986
4365,8.01585939850931,3.9058629055353133,34.26941262369732
4366,7.865877626344707,3.2229599070700923,33.74818137322458
4367,7.58162684447314,2.6062147153216433,33.068303301410126
4368,5.714688889321506,1.7502433553610663,31.6547274256234
4369,5.260229783918079,1.786616299082907,31.754319607355438
4370,4.754067537446857,1.673691732821793,30.805417341545468
4371,4.4472630703569855,1.488289762042311,29.761861349906358
4372,3.900019419041778,1.416210313990653,29.376890122235647
4373,3.751012861128991,1.3438303726269716,29.208130028092548
4374,3.1162304610535987,1.2675166451757536,28.58810263253446
4375,2.827329896317941,1.222766810628507,27.2576471866218
4376,2.710233038646451,1.2305725245081822,26.53015503871083
4377,2.5696951007185027,1.2377672096679513,26.139488938189533
4378,2.351098805325818,1.3013114665872028,25.330640116578813
4379,2.660425775294331,1.384252201590965,25.12969828809295
4380,2.440615235729792,1.4392465924003321,23.6322079088737
4381,2.4032645740507537,1.5170854778472984,23.135237795217243
4382,2.190452328580009,1.7389531208246034,22.199222308600746
4383,2.1313305627496355,2.1009758655485076,21.410272412693054
4384,2.13258395379401,2.317070635894987,20.650982604024644
4385,2.130340482938276,2.446220314794985,20.64309397767396
4386,2.1511491634973017,2.6497190051931936,19.24964489245145
4387,2.077605494661403,2.8474253349636287,18.298590366411027
4388,2.089866992228606,3.1535904443544256,17.92923602736784
4389,2.172789159536894,3.9297413658117266,17.305610550922058
4390,2.137928249959085,4.059666522307443,17.09794568148874
4391,2.164843577309619,4.255821292211983,16.794733790534558
4392,2.3232717876962115,4.371716726815224,16.31253381311631
4393,2.577644109911242,4.877440643742629,16.00617238626873
4394,2.535055237018305,5.367732228638238,15.259055508244142
4395,2.777514931765968,5.580462681148427,15.052168108147024
4396,2.679987620642343,6.141318691874823,15.103757258041638
4397,3.188168838871875,6.563614759006383,15.263267605683467
4398,3.825963489544696,6.879140431723562,14.988872826283236
4399,4.187617341948435,5.426433682471867,14.881084043495118
4400,4.344432274347773,4.878115625418782,14.934098818920178
4401,4.517011237076822,5.368770603938329,14.679333833037491
4402,4.601624764537224,6.51521105610211,14.662276230976396
4403,4.834409086425943,6.802690701060277,14.660337326962896
4404,5.1544136934784195,7.641714167739417,14.62281388783755
4405,5.892552273159991,8.336792454940031,14.628069695891048
4406,6.288599165237378,8.81667659457211,14.735519097317331
4407,6.567717441143084,9.498524824748502,14.929222288738641
4408,6.682775196633107,11.363157186397588,15.063741724940185
4409,7.220480076150305,12.424027451929366,15.55859992762275
4410,7.7694470796398605,12.679538860402502,16.87335641938421
4411,8.313047512713393,13.118637580865155,17.38081985013694
4412,7.527749094128443,13.844597310139958,18.01078220970692
4413,8.788762001231397,14.817139312163254,16.624531898975164
4414,9.233507648013667,14.75743233878178,17.259293871797734
4415,9.882486415551002,15.618002456608957,18.349343675485603
4416,10.458507207922356,16.29975559619212,19.141074162707877
4417,9.975068163997483,17.38182980421486,19.332682585443905
4418,11.485620216619225,18.93244415240832,21.457232921806398
4419,12.469652018705577,19.10235733278173,23.096893853591602
4420,13.401500975275342,19.627328768753305,29.54390713465842
4421,14.077211217847653,19.1340749748288,32.60557779916486
4422,14.41670667771507,18.028737834570524,33.37327653371197
4423,15.781232093094706,17.105271095615485,35.150142080813644
4424,15.972088813052833,19.497471783243196,36.034506747690344
4425,16.360802255482383,17.58065342992455,37.72766641321886
4426,16.38811429046535,15.92938956122629,40.311736656386486
4427,16.389435536859725,14.414852994856288,40.63091448817681
4428,16.14660811531764,12.226267356972961,41.80616355591908
4429,15.653508370156382,11.31693088757064,42.66098525894295
4430,15.092664495331645,8.015205040094882,44.334357469530836
4431,14.689659562378637,7.451755637404781,44.369460295778296
4432,13.535930293974298,4.109339904104724,44.288719176551986
4433,11.206703728559306,0.27527237229930934,43.96477445419036
4434,9.262605251838036,0.4441373995334298,42.30284073253567
4435,8.562857268594605,-0.9252453623365874,41.24674126003907
4436,8.211789957128506,-1.8260510489343056,39.672016673720954
4437,6.71171557236984,-3.3802467505226876,39.20149591760624
4438,5.361310802645052,-4.043412432781338,39.223111298510126
4439,4.408283514095323,-5.263190942971488,37.13739591183708
4440,3.5491787468772604,-5.93052041630323,36.00983458699082
4441,2.5994227352815304,-6.397479866510207,34.71412138144558
4442,3.281625285731089,-6.519501435649451,34.28188999436292
4443,1.7684238420699951,-6.945110056865023,33.0366778313829
4444,3.317676966757776,-6.947242532936354,30.688813736507644
4445,2.2488255263465886,-6.982837655394344,28.975494825012056
4446,3.3420428298500875,-6.967753567065372,28.303829766108176
4447,2.7039418321085273,-6.872008511234814,27.559909478429432
4448,1.525326868849452,-6.78846482200748,25.321161574874615
4449,-0.07496070679454814,-6.743547537580445,23.447565145707475
4450,-0.30032503393977206,-6.642055469516072,23.770414061720206
4451,-0.9550029636527627,-6.633786525595966,24.177387652606274
4452,-1.6842626423436082,-6.625225994662237,23.320869284965674
4453,-2.057244287263667,-6.62310862037886,22.818999747814207
4454,-2.0867193590969664,-6.690386300143191,22.70873441847101
4455,-2.663752486463532,-6.701736405110367,22.308444154663057
4456,-3.0534313556385975,-6.744883455143724,22.233377306874782
4457,-3.2611021707166516,-6.862803548282028,21.291800299956613
4458,-3.726006204780108,-7.032281980475769,20.79564444886115
4459,-3.9389027083016623,-7.164523986323414,20.451210700431474
4460,-3.9406935222108883,-7.480550657009818,20.24561105049491
4461,-3.7441038940655407,-7.5517749403928836,20.124105749477103
4462,-4.753369839194742,-8.214306738153502,20.025720090030386
4463,-5.615195906910518,-8.367191272046922,19.8371736971965
4464,-6.021340792804377,-8.836122482802999,19.89665093363952
4465,-6.147260138746895,-8.743166903452508,19.897462605458603
4466,-6.353341358785774,-9.690504638886049,19.90619941494872
4467,-6.679953051779377,-10.049364921763253,19.93517532614413
4468,-7.163046345222844,-11.095942805013397,20.05753731210814
4469,-7.555716485777573,-11.82128960270892,19.980096796024817
4470,-8.260566395464217,-12.282177928158276,20.871182344866952
4471,-8.691302667593337,-12.681771712909056,20.821994884823408
4472,-8.515918440607052,-13.190998137067734,21.178398815460053
4473,-9.61699004455502,-13.347491411657554,20.454602099361917
4474,-9.960361414633665,-14.08326285234875,20.716769048487247
4475,-10.06760430745589,-14.729701440504234,21.21004830421451
4476,-10.25069328704337,-15.191656297510352,21.350981451295883
4477,-11.559806532569047,-15.6343709103203,22.1743261314411
4478,-12.013609093863302,-15.613665517458015,22.503574276105056
4479,-12.30438443088826,-16.303851006831376,23.499827477253923
4480,-12.99950804781768,-16.465146978272294,23.947630559764367
4481,-12.988538757184628,-17.21219820368251,24.223897165135945
4482,-13.362953837696473,-17.71480244631271,23.275737791836395
4483,-13.87754002581977,-18.141936716424453,24.86955744511638
4484,-14.764340926825843,-18.18406178981683,24.727155523925564
4485,-15.290043307880143,-18.20913072415794,27.25740518060019
4486,-15.626607910416153,-18.05145233422969,28.908419662583235
4487,-15.547234108156205,-17.795369724221715,29.59784190521492
4488,-15.86883447065814,-17.91647998497466,30.255804421548604
4489,-16.067688801382456,-17.35810870015438,32.84269409865015
4490,-16.216828989537984,-15.91927682151102,35.853792326534005
4491,-16.18763391475182,-14.576854033240124,38.223664627395884
4492,-15.969847912053385,-12.991105898333489,40.36612846496632
4493,-15.757695750985189,-13.458303570033326,43.381399714412844
4494,-15.443875106793065,-12.015124763892016,44.34947898601095
4495,-15.10003571206448,-9.433436382984778,44.537022766793164
4496,-14.514500387973964,-6.5948831537711605,44.69790185666811
4497,-12.673711187790555,-1.392241470359501,44.22268680053574
4498,-10.32877188355265,-0.2820645852243997,42.940757585915705
4499,-8.770332856251201,1.6890333978228977,41.59891502160644
4500,-8.897796312793025,2.221834890046006,40.210082503740374
4501,-8.592728928946807,3.830568755584193,39.45853776483804
4502,-6.846659111806567,4.957814324556696,37.522252341508604
4503,-3.8110316040153145,5.435711185020156,33.196718704733414
4504,-2.1758090639071637,5.541278994020246,32.21318975444605
4505,-1.397329069728075,5.583775976593919,29.81526987212503
4506,-0.1515849352388352,5.562848418839845,28.943957270207058
4507,1.5933346639426824,5.480842778364809,27.191356869721815
4508,2.081569908194929,5.4348137831342305,25.453376003624935
4509,2.256510847231413,5.429352345729115,25.270115640775202
4510,2.574504808866446,5.440062006066125,24.437211258034196
4511,2.6110439037319906,5.490431749767319,24.118646194723393
4512,2.9081505376966184,5.571750305894906,23.67718779866657
4513,2.6221687312899817,5.621109939904492,23.067726497641427
4514,2.9194630618257387,5.762317746783536,22.62130224558908
4515,3.2946711175822463,5.928677762253574,22.241412944217313
4516,3.7943781133192003,6.2655613024422845,21.86075455734554
4517,4.010217887496572,6.381335760878716,21.3218556955673
4518,4.262821554747704,6.590736715125056,20.77530782806279
4519,4.584692532882595,6.813692959139086,20.29645313097119
4520,4.847854233131087,7.044269418877725,20.060326660435024
4521,5.102177302206111,7.672639641401468,19.77259947669523
4522,5.332683986020431,8.351297188795689,19.554953832730142
4523,5.57015144222476,8.304029548953574,19.472799584147058
4524,6.061461307926947,8.464302425985403,19.27403600346091
4525,6.033489950400391,8.700043065108273,19.27357205270488
4526,6.168749701143455,8.414081719366123,19.287460799112612
4527,6.544891149464422,9.10888565230014,19.29039059474074
4528,7.281735692339831,9.563500227583486,19.3829364466985
4529,7.746239509773233,10.023834631726936,19.7338392341484
4530,7.972062380734156,10.540588874705165,20.0091637954809
4531,8.136594530185196,11.313636950029663,20.34001124184066
4532,8.353809071551229,11.169033699476001,21.03013318662579
4533,8.90800549272209,11.298088120549638,21.4762149863941
4534,9.171597578777014,11.976497739544193,21.89831457148646
4535,9.280520459720774,12.438408377223936,22.50703712699348
4536,9.5702994075147,12.698105888292051,22.886703564831084
4537,9.760652533859854,13.085904059985953,22.93560181194826
4538,9.968321153562009,13.735778147574134,24.324524072750577
4539,10.251968866752819,14.211458492335458,26.85555162297904
4540,10.6576207314506,14.180885591882307,26.804133993775356
4541,10.740463737115094,14.168976486922023,27.69073102031435
4542,11.204353894312263,14.05751680793557,28.678145609607352
4543,11.486213834369972,13.93509381714398,30.856582043520234
4544,11.898269600840685,13.306283475007342,33.55408197214471
4545,12.174457895808645,12.04165453843602,34.57634250409531
4546,12.162356883332416,11.138557824457543,35.24152052419689
4547,12.10052209012897,10.707935860930334,35.6698219280628
4548,12.011901868927405,9.783699392627515,37.100741223541604
4549,11.687677672496845,8.173831412218625,37.020173385084505
4550,11.811238787808263,5.996671954604727,36.97514494814663
4551,10.930232665914701,4.903561794364789,36.60149018060294
4552,10.091563778983966,3.9608479768230573,35.998932424705856
4553,9.403314128047452,3.2036775202782257,35.405997579570936
4554,8.968869254493002,2.870527877353891,34.7590736388461
4555,8.58075179276389,2.197765533808083,33.55316056083034
4556,7.352711545160766,1.964509090263375,32.82581961023562
4557,6.689557251545372,1.2073332865102357,34.94098816420038
4558,6.254781446523386,0.61768354168246,32.86261595961347
4559,5.1072720027833505,0.10205844823769161,33.336550788221615
4560,4.751659342757134,-0.1926175345245031,32.25197579845875
4561,4.55167329918122,-0.6541390128508705,31.28284869657026
4562,4.035853621416861,-0.8315624701418711,30.440396680485858
4563,3.6324800158416384,-0.8877814152922081,29.64049385523896
4564,3.236751465381198,-0.918214005367162,28.238982131198032
4565,2.834110435322723,-0.9166313739128084,28.212071826031327
4566,2.4767899711395467,-0.9103851747817926,27.081871860168036
4567,2.2254528758749745,-0.8589942161555135,25.374087067610933
4568,1.930154413132547,-0.7906548480311213,25.007087886022966
4569,1.6465539652750514,-0.7233621213988285,25.22745366884565
4570,1.3764131134484492,-0.7344420772670375,24.46084761522991
4571,1.2717179416543802,-0.544733146038087,23.353304488891904
4572,1.1352341332924656,-0.4372990261070182,23.09495471142374
4573,1.2232808887022868,-0.34068975554103403,22.12050268630616
4574,1.0894021303783534,-0.23381817986125536,21.55674529959712
4575,0.7948179213290485,-0.20200440364040387,20.36513064631797
4576,0.6747330453936942,-0.08918990277418407,19.115172109822236
4577,0.613249490692398,0.0890661299993378,18.70368287305673
4578,0.5639356556458545,-0.05834410209414309,18.218571668353796
4579,0.44404188138448836,-0.01455932801525956,18.151872282241204
4580,0.41919117208777695,0.030908007682612974,17.948640450089147
4581,0.42822245304716067,0.0336057642314959,17.49950571552448
4582,0.42667011036081676,0.07226745722934996,17.01211385591476
4583,0.3437707136835813,0.18542544575753367,16.918109953596755
4584,0.31911092673615754,0.22203798612716896,16.93288880108372
4585,0.30945131435268,0.21635383704758318,16.81048890293621
4586,0.2958956012814926,0.22692459786930894,16.354212796642432
4587,0.29223670129067725,0.3417268732407511,16.062178700827697
4588,0.3058963391044657,0.364552603738561,15.569176171691524
4589,0.3175640454944474,0.3987086869745978,15.415416538157174
4590,0.3279160586179219,0.40470469801186176,15.117575696260339
4591,0.3374712746926536,0.4021558306299947,14.600577636628625
4592,0.3395197152467253,0.5040028412354254,14.284541762767399
4593,0.37035839935447923,0.5371641061686641,13.993096785683006
4594,0.3857039210192494,0.5558433421292316,13.951482993944419
4595,0.3990264566697998,0.6176575083059284,14.107422767849378
4596,0.3980898428207962,0.6643720348644757,13.131370258634124
4597,0.4017198366186949,0.7585287520337021,13.163527361751504
4598,0.42154460544950945,0.8884858417228909,12.757079134572493
4599,0.4718640172903427,0.8870830266959178,12.44765685745986
4600,0.505768981211524,0.9772132181846505,12.383329939621214
4601,0.560530129869324,0.9811936124582751,12.078165365940922
4602,0.5797231423817197,1.1592649921512366,11.734061103913348
4603,0.6155034901063705,1.3565855072787505,11.446945659692606
4604,0.7174968467024168,1.4924183062461573,11.125593447564372
4605,0.7920515688489682,1.6223893698099134,10.946848181722071
4606,0.8805783959262387,1.7827768423451227,10.63668618953321
4607,1.0823937504000098,1.966381150983212,10.0820735875774
4608,1.0390039905604807,1.949589615992215,10.022287356700755
4609,1.1248700673996344,2.1529347256040294,9.75623520205424
4610,1.2063225975625642,2.6009208289972046,9.526000657516178
4611,1.354045727137727,2.720175668145501,9.194620538598622
4612,1.483910264958503,3.0376444528548867,9.023956284304951
4613,1.7128275529115404,3.3232404708295,8.808732650612969
4614,1.8403355571470748,3.6868836641396356,8.751410815815131
4615,2.1110028104435146,4.291990059773889,8.58059021187045
4616,2.3599905874924296,4.674643085201591,8.4128806300304
4617,2.1280660478766675,5.271271209107596,8.342725383911555
4618,1.837827680419764,6.013356878365408,8.03577851843485
4619,2.3549595571580086,6.239353191405682,7.832399166567905
4620,2.613992565791528,6.609787469218486,7.791732001277443
4621,3.0553257172146426,7.175406503220802,7.755259455349648
4622,4.153058300380192,8.189149545786137,7.761302938411137
4623,4.424852611067667,8.978028848887575,7.828496845839018
4624,5.1408030338455735,9.803832340023845,8.034339655806528
4625,5.618426979465279,10.375580410296918,8.440278099064635
4626,6.075820954619136,11.450011712504264,9.104976267878998
4627,5.8359277542654695,12.724725853606515,9.981706024266243
4628,6.566734472346492,13.882693622545222,9.207082880548013
4629,7.638658719695264,14.96566538173206,9.973770423424462
4630,8.268949007731303,15.357842004064587,10.528531387043532
4631,8.569416008846051,14.803844074588048,11.29953561789643
4632,9.0110929889556,15.33082824273607,14.157606432638653
4633,10.219342359891575,17.476060250509473,14.755794018725027
4634,10.20314806509808,18.54947613113492,15.430127762321712
4635,12.875253216607824,19.443596717826402,18.76775141941183
4636,14.334896282533187,20.485051593655555,20.913675107976605
4637,14.63679121839649,20.761371858531597,21.613459555701535
4638,14.851206105736056,21.426427111657883,22.824327522820163
4639,15.155159920653759,22.092366877925137,27.913799481577367
4640,16.676097805913844,22.00815411715522,28.84079184645427
4641,17.368253512677665,21.710770191718066,35.43855463167547
4642,17.412178159011738,20.98202128158142,36.35166217510761
4643,17.91043227592058,18.9651000151144,36.6022638405011
4644,18.068149069234895,17.506779085036104,36.94104902828031
4645,18.02307682121852,14.696789030348656,40.164033606527035
4646,17.922505008493903,9.832399665678047,41.63454712277894
4647,17.539036923123184,7.9019784534670405,42.16011489124534
4648,16.567162242591436,4.882051514372884,42.42256715532667
4649,14.674193177721152,1.5705763660491936,41.77728742519873
4650,14.194170923994186,-0.10860109256315043,40.44174817720534
4651,13.180619991189436,-3.2086162513789906,38.81298667775867
4652,14.06381485035481,-4.996527558991655,36.4708998722154
4653,11.196536269350277,-6.925131933280127,34.98267699652727
4654,10.318308671197022,-7.459140657708339,33.43886001711797
4655,7.519200674390511,-7.305401120028218,31.89184456679615
4656,5.271949808367252,-7.319195840849594,29.592468573381083
4657,6.122158969569046,-7.304305653271761,29.242222574002692
4658,4.229553360648432,-7.30974391153954,28.40711130955615
4659,3.70925604258647,-7.157796168955449,26.399637722090656
4660,3.4229069025394483,-7.029652888292059,25.547709659723708
4661,2.7879891109317767,-6.792132918440393,24.889832054623287
4662,1.1594716637929436,-6.615998963300174,23.687187765033052
4663,0.4089496967095002,-6.483421704446419,22.36269297549555
4664,-0.36890502215754595,-6.42155536042986,22.640773611261
4665,-1.0380306857968844,-6.387971902931595,20.773211879446816
4666,-1.78081699917409,-6.4000944320442406,21.008856344033102
4667,-2.737327665638199,-6.4626170638467455,20.250677681422587
4668,-3.261250077150262,-6.571331194583756,19.84120982744568
4669,-3.61639519482823,-6.8176309684140985,19.11741800536209
4670,-3.8309693311273687,-7.075553998009854,18.95068243845773
4671,-4.095635808552779,-7.013305149669122,18.720378767525546
4672,-4.074995750791397,-7.483951144716918,18.58158812124342
4673,-4.057587103470159,-7.985912805392244,18.38399666465133
4674,-4.528992774908391,-8.385151101060163,18.240637178454655
4675,-4.9697532535397535,-9.322229351051059,18.1028594838033
4676,-5.082896293580446,-10.761417514039504,18.093355364078853
4677,-5.050394445506583,-11.903580865431504,18.166896394259805
4678,-5.767926398006516,-12.424906306238894,18.309481669753822
4679,-6.341095436220112,-13.577201225966824,18.590675466004928
4680,-5.173722094602091,-13.89138069121827,19.46232152802077
4681,-5.433018043815417,-14.248009464474865,19.585643556458948
4682,-6.448647964487189,-14.611986174896442,19.99198326949429
4683,-7.3026736341292064,-14.959379752734671,20.716800763738156
4684,-8.06840094464939,-15.338877371645168,20.599057288937725
4685,-8.140520481844195,-15.715534585486918,20.694664014181633
4686,-8.234842534675682,-15.69816690898103,20.378868166148294
4687,-9.111925408479133,-15.96414187633666,21.039322988621326
4688,-9.736672094840559,-16.138604709571762,20.224599258555603
4689,-9.856054505480879,-16.33358983418277,21.23934237981891
4690,-10.503268292755067,-17.575801007068844,21.800745103294197
4691,-11.096668956859759,-18.352333411508468,23.165986470947942
4692,-12.431876445610868,-18.67379811044289,24.992059162466717
4693,-13.467106704622315,-18.79787796789015,27.02890448732584
4694,-14.5515634015451,-18.746958450554796,29.98930674513207
4695,-14.171184156771504,-18.170991051173985,35.33236739036309
4696,-14.626963435406191,-16.99756929806745,36.07625739699945
4697,-14.93185417595282,-16.15916676663974,37.17953065928214
4698,-15.06888462322814,-14.386169072158774,36.15306794680542
4699,-15.005490979569148,-12.711294328239145,38.320602433174386
4700,-15.044183634379321,-11.675332078464805,37.404915579144884
4701,-14.869421533700033,-8.861946983934573,39.086146670728716
4702,-14.200830261053277,-6.865295291977212,39.54874129844337
4703,-13.637378949203217,-6.083126286730561,39.58175017631753
4704,-12.904583161019906,-6.531132926569754,39.29121890816131
4705,-12.88966041598464,-5.989974406207115,39.05862810967515
4706,-11.856197137595023,-4.0563084354130785,38.74287174215039
4707,-11.078292903109325,-3.884080355081442,37.99691516694192
4708,-10.459144946881398,-2.2618238349818363,37.64528992397039
4709,-9.383460025636918,-1.1491100877109754,36.523801629296
4710,-8.499050840444902,-0.5347618594546143,34.38679004957604
4711,-7.871251119908105,-0.12085835204470213,33.003801289612
4712,-7.0617767804819,0.21702031253779702,31.760980559988383
4713,-6.314233128694025,0.4083873373051463,30.447483851780795
4714,-6.129876090752464,0.4617807037551357,30.66630010109262
4715,-5.689382062561934,0.7823380930991952,30.301512156030352
4716,-4.997747447586369,1.0244181379610109,29.530635988026365
4717,-4.776274844708777,1.0826395483450335,28.7635616326476
4718,-4.1644555385958,1.0979376953410016,28.189295899678527
4719,-3.3976012626458623,1.094630147642334,26.823584310478235
4720,-3.032771310168598,1.0242705742168938,26.169759699067
4721,-2.8037899467654297,0.9522884597682524,26.192192045072954
4722,-1.9719227982458651,0.9069475272077407,26.018627510205324
4723,-2.012640260416206,0.840525160766681,25.543857029889963
4724,-2.2645925947358125,0.8167102637763273,25.467258962333215
4725,-2.146494276314343,0.7412686479179882,25.7394538969755
4726,-2.064987646833884,0.6844403725492658,25.724187645955297
4727,-1.9789547177734987,0.6623022792202463,24.93380160243681
4728,-1.1327737073364186,0.6115136063888222,25.481677824756158
4729,-0.8977419016289256,0.5746016906445951,25.342915876281644
4730,-0.7548620046937973,0.5614799153782277,24.637469418529484
4731,-0.6478779191826721,0.5333758988609965,23.572824108959978
4732,-0.48678359692957485,0.4904545888503414,22.81868383787077
4733,-0.2966450494288475,0.49123194232712,21.23697042529685
4734,-0.139615935836321,0.4220601732729545,20.751809582814513
4735,-0.08521604799741653,0.43457314961377813,20.35848986877129
4736,-0.06209947715337828,0.4185186730321689,20.065261276484733
4737,-0.01923971332908992,0.4278192944791334,20.439842692084838
4738,0.025622131194131127,0.4223253488797077,20.39630178359073
4739,0.04445942472289348,0.4192111402029483,19.679940196815128
4740,0.11751886331393627,0.4187817638167108,19.590528444698368
4741,0.15754861843681317,0.4273972986914539,18.591068464073068
4742,0.19934695455663481,0.4388631075626244,17.967996317399038
4743,0.22232675494686335,0.4635443231302736,17.17918271712894
4744,0.223940135404534,0.4843859736193943,16.961014542281728
4745,0.25163057757521884,0.5167129454458719,16.62494575728976
4746,0.26213882064115623,0.5390330501283233,16.471808253024264
4747,0.29294644252917834,0.5470375189437293,15.959629117894707
4748,0.33096031923433267,0.5388732996263561,15.36929351859484
4749,0.3621681735732133,0.5812105695315137,14.982738296416287
4750,0.3460222128825821,0.648341202157747,15.173161461550434
4751,0.3829468361873431,0.6663820524604517,14.604500533265561
4752,0.36128754832541415,0.6879388792956116,14.32494139446879
4753,0.3778051835388167,0.7605963854847809,14.081108640874437
4754,0.5074033034665517,0.7950692484623982,14.364183903265687
4755,0.5548022759907189,0.7576548060434952,14.009389980210393
4756,0.5861436501972007,0.8422605579013538,13.425849933693083
4757,0.597908874936791,0.9078979075387554,12.980975556869339
4758,0.6318438819781401,0.9955721797195659,12.619655364385821
4759,0.6693494240164299,1.1107028451466596,12.30579004184858
4760,0.7104737283849522,1.1756718830454091,12.029821982068514
4761,0.6927822924423148,1.3807092136384878,11.926220580908248
4762,0.7187574159253541,1.4850449380529962,11.625328088970408
4763,0.8060614501919529,1.5598474674086542,11.246804030401927
4764,0.8979356828308752,1.7801629434407522,10.927744572589344
4765,1.062591530243068,1.8560099162589991,10.761260656935695
4766,1.1909820255785506,2.0227713880467073,10.469067368221662
4767,1.3070191783515326,2.1455674434202567,10.316901240745104
4768,1.4128794768177049,2.3481913853943768,10.052984985360332
4769,1.5523021566321968,2.7284839598137918,9.858074873168455
4770,1.5366769419094812,2.348038723105788,9.577749200499085
4771,1.5113954593416958,2.627523708362718,9.23328196375702
4772,1.763300044899187,3.3839693329547273,8.975372637682998
4773,1.9439595735369224,4.271070746464294,8.874262896089181
4774,1.7926849255784356,4.4541087990310295,8.729998608997837
4775,2.1213618026476944,4.762315170197095,8.273025415971183
4776,2.3432669096014025,5.502691227861409,8.114022623175766
4777,2.7257060922683785,6.270958462848735,7.979678849010948
4778,2.4248116002628595,6.58282286590838,7.887801033367036
4779,3.0510690505476488,7.089461968486686,7.797900250856847
4780,3.1116896452964617,7.4206319942733465,7.810247382457722
4781,3.6303483539244388,7.9296270194536795,7.826686266634375
4782,4.154713658969078,8.670120261005275,7.8544551847234265
4783,4.50425153141937,10.627902377122808,8.004249131390992
4784,5.116413156584954,11.586720578620765,7.913866853212359
4785,5.589135777766966,12.916682785101457,7.83973898208818
4786,5.566700740955204,13.72932505720368,8.086323639167526
4787,8.5411686881689,14.601752078501443,8.6167408511887
4788,9.437831793459388,14.65050174952156,9.658878481872948
4789,8.356616187836332,16.25307776996047,11.844778557805384
4790,8.627862210273863,15.652564166017198,13.277982942500666
4791,9.193662876551635,16.924677494882935,14.619484672928476
4792,10.040957477981479,15.403722007375753,16.086654014626404
4793,9.634005855088581,21.650372313383915,17.644638374982517
4794,10.452145868370087,22.707560839303476,21.05538494357611
4795,11.113863142258616,22.57924879965011,22.917056055287297
4796,12.772952587039844,23.108687412674794,24.47804985352564
4797,12.406277629517767,23.39863172873872,28.024229339088883
4798,13.325966731086137,23.226671247352453,28.933651823638662
4799,14.896882866521636,22.976315960841074,32.22488174745425
4800,15.606026577373012,21.917205456249317,34.05109279931295
4801,16.04614320832968,20.770086187614137,36.65172570155872
4802,16.3776152400557,18.695503520827184,39.37093577720704
4803,17.026422226983318,17.554604800202554,40.98205954358393
4804,17.06971662526657,14.241518071191866,42.003946788188486
4805,17.128319185948975,10.957044026329037,42.21769676339883
4806,16.983198150347494,10.088587685150454,41.97291996389422
4807,16.786072324162724,9.943415262007349,42.12496373637819
4808,16.436689030246786,7.937871979402333,42.59393096885631
4809,17.160334911589118,2.2060207258255966,42.7710207740518
4810,15.844131800371555,-0.24411229592015582,42.3066481035061
4811,13.806553367481461,-4.391954614789121,41.84330013010523
4812,13.386529895546513,-6.271025628110185,41.2245537801169
4813,11.202552772500793,-8.36971962169158,41.001446354815776
4814,7.011617080269566,-9.454930273636306,37.99146442090282
4815,6.122431032785954,-10.019344473012808,36.789758785654946
4816,4.095302061844826,-10.37694009961885,34.76602756875077
4817,1.8513255543292164,-10.500903501171742,33.20690730195854
4818,0.45107913351837237,-10.494702834567532,32.58057270123838
4819,-1.1586541558637375,-10.40589904826269,31.609365270426167
4820,-2.8300974404977,-10.317065482029733,30.66027587054162
4821,-3.7132288191942497,-9.97451216608141,30.004410418188964
4822,-4.269156746719809,-9.756747587135425,29.2276727849967
4823,-4.842172718717865,-9.750473840302753,29.649506247961504
4824,-4.717101430337016,-9.726830931900327,29.317149302522804
4825,-5.34929040087969,-9.581611110842793,29.042701328618186
4826,-4.640608067574303,-9.90724291674796,28.790198962520083
4827,-5.645107889609252,-9.72918732189274,28.503360441380654
4828,-6.272708634850216,-9.506907219441716,28.494416636013913
4829,-7.730746646726151,-9.30421751982686,28.33573596616301
4830,-7.916465190339369,-9.179765034336032,28.2834536915569
4831,-8.063421693913853,-9.08534281728242,28.268901993831424
4832,-8.186506317643703,-8.980127050495295,28.239608827557827
4833,-8.286194908659395,-8.84043770334759,28.234625520596992
4834,-8.289761722104338,-8.78505805418308,28.17804602250721
4835,-8.35188743364517,-8.678822064801045,28.140713405311462
4836,-8.410977292583127,-8.525864361360899,28.118061065115352
4837,-8.421338382415936,-8.556191937259012,28.088401907222305
4838,-8.431177169638136,-8.514159208040201,28.03833051146599
4839,-8.42750361141102,-8.353641421961765,28.153560017167177
4840,-8.415488164009739,-8.257704074868288,28.109623721535797
4841,-8.39299821925902,-8.035650077143332,28.15967512175041
4842,-8.356249236527308,-7.9910491956474266,28.08434097152371
4843,-8.318252106073704,-8.004238263138227,28.005091937233882
4844,-8.293896655442158,-7.845333114677997,27.97904388663694
4845,-8.262771666117017,-7.75477840567743,27.755817702093058
4846,-8.182265887062375,-7.86812433343203,27.721414834439866
4847,-8.051687132832704,-7.780880687236184,27.60270450970393
4848,-7.993892483243901,-7.6973453209122145,27.44371955342567
4849,-7.982965900528194,-7.663951870530307,27.35075524960901
4850,-7.953544562359158,-7.646666283963393,27.329459463791302
4851,-7.921198986131936,-7.627847779888738,27.231566681382876
4852,-7.893416505088296,-7.624558314074809,27.125559730753544
4853,-7.856447191598545,-7.62766263246881,26.98162084008278
4854,-7.857645407295737,-7.630163740650377,26.89486941635024
4855,-7.837379938657189,-7.64011223040901,26.736629931690064
4856,-7.816624449215131,-7.661264326038537,26.633032433959695
4857,-7.819489729275213,-7.728961375429042,26.50131449445299
4858,-7.831866097558198,-7.726688413677717,26.3230661337248
4859,-7.817699206669271,-7.792395774546982,26.148153689925362
4860,-7.815121126957742,-7.818880829803446,26.093552841403486
4861,-7.815558264474124,-7.889747481980554,25.972837977695658
4862,-7.825391254432374,-7.960095010767333,26.042738456720965
4863,-7.846214704291987,-7.953407193000622,26.073591951197635
4864,-7.850543361305914,-8.01910361210451,26.02864334167515
4865,-7.888546402647338,-8.16309231426322,25.993855574351375
4866,-7.924114279732128,-8.234611951018461,25.94218253330165
4867,-8.02148732500066,-8.336493627793862,25.850062101990176
4868,-8.047275768819517,-8.2384116456506,25.810604048826963
4869,-8.055180250335567,-8.316739374998734,25.786698736424647
4870,-8.079810022407957,-8.38397066204782,25.764445370200615
4871,-8.093482565725195,-8.59887314366079,25.756021638452353
4872,-8.121809370332285,-8.799461290907546,25.765293541937687
4873,-8.181852380783996,-8.933077399324759,25.7833490156613
4874,-8.274150391530606,-9.013325884075776,25.85081944648824
4875,-8.34701725943572,-8.991368962090748,25.87827506285824
4876,-8.41162481814502,-9.052075140237402,25.876581699266673
4877,-8.487391441149823,-9.05724754292884,25.99055096111412
4878,-8.604558739673683,-9.301839746482052,25.98687897668584
4879,-8.753742337366832,-9.40528439456369,26.01693981658985
4880,-8.828645933031043,-9.472793469206739,26.21966495042645
4881,-8.898305485650427,-9.678480234184555,26.276383367627993
4882,-9.083436764410386,-9.763667537416051,26.304929950162556
4883,-9.283279501995109,-9.844593106531669,26.438623096027843
4884,-9.26253020826097,-9.853914124967492,26.496605501691693
4885,-9.226368690688123,-9.906217315392945,26.833678317585537
4886,-9.24376415053244,-9.920194816312934,27.137092372635944
4887,-9.233892591796085,-9.902819131871032,27.46042232744702
4888,-9.315479790088908,-9.876905957249962,27.65574164089805
4889,-9.386858290814201,-9.75640027418168,27.786791689763604
4890,-9.434727466994511,-9.678402856109347,28.62549015604781
4891,-9.42725677940808,-9.573604258652361,28.717986816676923
4892,-9.44311986536275,-9.453495634112818,28.83759452064253
4893,-9.444732414754654,-9.265368418010322,28.769107409379583
4894,-9.43409468171592,-9.194933552028454,28.949458778074572
4895,-9.42665161695566,-9.15469227259587,29.183044484590276
4896,-9.438212799844393,-8.84229642467064,29.258327525414874
4897,-9.32902379732559,-8.726849686885023,29.29551931738773
4898,-9.320401695099381,-8.647090058948079,29.311807349791593
4899,-9.270567821608486,-8.489636386496604,29.36081084341365
4900,-9.144915242042426,-8.068322983369908,29.363426639808907
4901,-8.923752184477278,-8.222380765725465,29.279764375529403
4902,-8.905648216352377,-7.9475839988989065,29.192591902745985
4903,-8.733275479410793,-7.745313131951301,29.147060684801552
4904,-8.670898880997367,-7.662144480370247,29.087048379936437
4905,-8.568591933084189,-7.193928684348768,28.953737010150103
4906,-8.307447778196007,-7.103595057640659,28.895049993169426
4907,-8.079680394820446,-7.038597197164012,28.744390320414315
4908,-8.100804124083782,-6.809782313610981,28.058172014308592
4909,-7.983883370343412,-6.703774628400115,27.846155811315878
4910,-7.771122658666679,-6.638105014199487,27.672971239899496
4911,-7.465397270058294,-6.600077189999735,27.703136312011576
4912,-7.339304393352824,-6.50201211891316,27.130829483081698
4913,-7.235779581850649,-6.500982078981999,26.922601643871282
4914,-7.15644537676251,-6.529002738482405,26.454312638283724
4915,-7.030468186185509,-6.558469227536923,26.142736456432345
4916,-6.9365080032357405,-6.666629775456109,25.836074953663744
4917,-6.919755020512091,-6.785670863433662,25.635988451900264
4918,-6.918087625345247,-6.912008369911798,25.57405721484608
4919,-6.917304336087816,-7.021773727264435,25.57909668306422
4920,-6.929093767502995,-6.941515476953141,25.490264368333307
4921,-6.9280502789870075,-7.167914916727491,25.37041816545567
4922,-6.936710305402887,-7.3050520943043065,25.14685911720535
4923,-6.965909982423414,-7.387266320932162,24.991306289106934
4924,-7.01001281652906,-7.457507531011855,24.76241181249085
4925,-7.12062917187637,-7.387425424279273,24.83441270642561
4926,-7.159289141859705,-7.874664333605583,24.70312101488845
4927,-7.154845500138174,-8.150571439262757,24.62989151237186
4928,-7.268516306528312,-8.336893510668297,24.59719056164146
4929,-7.384120532941508,-8.6598800979738,24.548292812128985
4930,-7.426605511706459,-8.839134710327523,24.534219804852675
4931,-7.558572018390469,-9.025522229394902,24.53639435898229
4932,-7.7814456920871935,-9.032371579731038,24.563361983320295
4933,-7.9097667248158565,-9.369278181909516,24.617954240441918
4934,-8.10497782260784,-9.527197881865014,24.674914595756572
4935,-8.360298775825983,-9.659824788545727,24.82213533839648
4936,-8.3294593527577,-9.860419543354901,25.200886193517768
4937,-8.511230253721408,-9.813059115272013,25.400196355343247
4938,-8.551465261476409,-9.86367907300339,25.563150370114833
4939,-8.682924407458183,-10.065255813161187,25.720304793140595
4940,-8.96225514837555,-10.112994570517559,25.93697496087641
4941,-9.050470621672133,-10.572627464365537,26.09601897778624
4942,-8.957463848245299,-10.619433977983027,26.362758148987187
4943,-9.083454036199445,-10.683449655354668,26.597901759640543
4944,-9.243236634462582,-10.686792332446265,26.824154095275173
4945,-9.380355039476209,-10.688335799180983,27.128258223297234
4946,-9.45080366536047,-10.668030570286502,27.38311847971
4947,-9.45358146805574,-10.618555666610797,27.60697491897046
4948,-9.707734819940097,-10.600529767402698,27.65055810554357
4949,-9.780346662360275,-10.728920452348413,28.272447455060234
4950,-9.768824271344355,-10.628886323205492,28.54355063335657
4951,-9.828070219369176,-10.284543651885057,28.727971630502093
4952,-9.84472419054754,-10.439452753964334,28.536297763167926
4953,-9.919921439067622,-10.276355037869735,28.853115670636814
4954,-9.948142524023398,-10.19603977784162,28.905132594671006
4955,-9.989348165172217,-10.075277944337909,28.940578679297076
4956,-9.997119273119399,-9.888101848961146,29.32402328577493
4957,-9.985645650942944,-9.659095086237807,29.121111954731465
4958,-9.91588549036561,-9.474622692240823,29.242379648567493
4959,-9.899584669910661,-9.190451032533593,29.716509091488696
4960,-9.77263545088614,-9.12418656617188,29.86025649276245
4961,-9.687845974567011,-8.893714225260194,29.849585853090577
4962,-9.594905870437872,-8.734058581069723,29.890155793450578
4963,-9.338161228846724,-8.361642895582902,29.921429681881015
4964,-9.283777484392886,-7.554026390983215,29.902065739398676
4965,-9.09036950985661,-7.245056703995241,29.84878563659553
4966,-8.969749912410297,-7.127713678797896,29.747016307344204
4967,-8.805418339662651,-6.9175549252583215,29.768680150269965
4968,-8.75087982748366,-6.8501078175008105,29.62012777164779
4969,-8.782665685137383,-6.786184664754778,29.375616365227305
4970,-8.62878115923821,-6.555641979871952,29.225371616293394
4971,-8.442629428285311,-6.40640209571619,28.987386743232122
4972,-8.581323532769026,-6.188519698427029,28.90134992251749
4973,-8.421375599716542,-5.949648658952513,28.531100418402573
4974,-8.167794611252775,-5.853127830417176,28.413983953483022
4975,-7.930169322631819,-5.706568540192618,28.141752302382397
4976,-7.610009135576501,-5.6303572046401325,27.234384201097022
4977,-7.49878273936505,-5.6306646228786965,26.846846972690514
4978,-7.303392860622637,-5.665213511544733,26.254275645059188
4979,-6.958110517637387,-5.786835319670161,25.827062696527648
4980,-6.5808857275346195,-5.786797344971002,25.709245426448035
4981,-6.455399092691312,-5.909318862646288,25.45884844136551
4982,-6.3480997697000605,-5.914287026156706,25.347118750573095
4983,-6.2774587712901555,-6.018756749880784,24.86746057100092
4984,-6.264801438936612,-6.206541124016333,24.432334162405006
4985,-6.266144388695026,-6.411642485958355,24.30466052558149
4986,-6.266179010457721,-6.569370154615179,24.091938480205428
4987,-6.330062834578208,-6.863938910317158,23.850812005609473
4988,-6.399892523407502,-7.059162192410463,23.740577109504724
4989,-6.457532465011119,-7.388251029597375,24.040968936047985
4990,-6.504099216034105,-7.6203004689562475,23.55126661148365
4991,-6.519919118409188,-7.636507362199005,23.416600132017894
4992,-6.676074702670522,-8.109470572855123,23.31734394740549
4993,-6.828872007625456,-8.501207730847497,23.20607340882891
4994,-6.969579612381878,-8.795842387121997,23.2104905602157
4995,-7.378835108408902,-8.596219992619245,23.208474062250794
4996,-7.48188969040066,-8.88860527812344,23.22100045266613
4997,-7.615397035255715,-8.900825687750789,23.23516726591161
4998,-7.766982327670262,-8.963665388969622,23.323206041995963
4999,-7.7828837450821355,-9.124413068303134,23.40133488910941
5000,-8.009755465371411,-9.40062526268832,23.525088681575056
5001,-8.086075667416036,-9.747421257838289,23.549315042133166
5002,-8.241270149763876,-9.970648099618254,23.531209654131548
5003,-8.462548292947861,-10.475428492995865,23.539844930351677
5004,-8.805506743681043,-10.537124405800983,23.79585852239323
5005,-8.947069041435293,-10.94750764249196,23.674865948731714
5006,-9.034509594399637,-11.132955070901929,24.054530364316374
5007,-9.148330600153987,-11.327687038675085,24.435685696987456
5008,-9.486384552273844,-11.42988929998748,24.90747985404464
5009,-9.658367539666003,-11.69151938717471,25.2777006906788
5010,-9.76999671965429,-11.714556111425496,25.653193819070424
5011,-9.981793979071703,-11.818231626281737,26.032574520819256
5012,-10.091660372493498,-11.857518067653235,26.478752940008757
5013,-10.233901325303878,-11.89645081379801,26.862551215999734
5014,-10.370582389826417,-11.888435216758381,27.373478090920027
5015,-10.53217799258606,-11.896193025547637,28.138708009412998
5016,-10.64728112283223,-11.678033128118209,29.471042869355827
5017,-10.706411963933895,-10.770564796389916,29.971929638542186
5018,-10.723737986721792,-10.948206225740774,30.34305251555159
5019,-10.769597089912907,-10.812349781768415,31.04200678803125
5020,-10.771364951748641,-10.477967627856561,31.481368575353457
5021,-10.742854943371887,-9.3519976192493,31.619405636710834
5022,-10.574396584241399,-8.460699976644495,31.799586219719384
5023,-10.41607896703205,-6.973709501786723,31.759836272359024
5024,-10.05931683757406,-6.4975853090664355,31.553849756437735
5025,-9.506249397881614,-6.325982355972927,31.462606041104575
5026,-9.025944637753614,-5.98762781076382,31.211226797052003
5027,-8.821486273855665,-5.616216328369884,31.127256280463957
5028,-8.065285871353831,-5.148420942049229,30.66669755982109
5029,-7.569698029357969,-4.82979380589639,30.367177182597576
5030,-7.322222856048363,-4.52200824253137,29.660589237925556
5031,-6.910390778754739,-4.141117234539001,29.70385348325369
5032,-6.645666793563604,-3.9056133810186586,28.430338109219807
5033,-6.308280822778421,-3.869725920213241,26.971172033254113
5034,-6.52850735873614,-3.8741987452617948,26.538540588410378
5035,-6.131253977464766,-3.9626559021561856,26.131736676912695
5036,-6.101666543345192,-4.067731810362241,25.46940234827149
5037,-5.642645601788057,-4.244331430478528,25.00266051318825
5038,-5.743254900162092,-4.558370235419334,24.828705463728472
5039,-5.69518033389082,-4.762010359257311,23.986706609516947
5040,-5.659152449561938,-4.908629867793333,23.566009643647085
5041,-5.58093562723511,-5.0785846516670405,23.258147537981085
5042,-5.525947018799431,-5.486358441668474,22.778269881540254
5043,-5.524025335025277,-5.745912026137376,22.50437614502943
5044,-5.55822571347255,-6.10880321018291,22.3522068607924
5045,-5.576044069652604,-5.954125769145668,22.100381272213767
5046,-5.615389435253586,-5.988222920384041,21.821120842703838
5047,-5.687099986495275,-7.094585210368567,21.30809256570121
5048,-5.855888833028098,-7.021050551918076,20.973200037010606
5049,-5.832375943016802,-7.598453919757263,20.608366928441388
5050,-6.023720577512647,-7.9820610902063605,20.61768654955884
5051,-6.0574359267849065,-8.298073250544503,20.560040628727283
5052,-6.2677620618290275,-8.659322498434639,20.51200974352296
5053,-6.605033113634009,-8.347466376443023,20.506999836392982
5054,-6.849486613594433,-8.852618996819258,20.511859945392445
5055,-7.081726822418915,-9.025389984808774,20.595896677286394
5056,-7.311045792373884,-9.764355488245386,20.79131585945455
5057,-7.546462972273035,-10.437576421909258,20.914231413046075
5058,-7.133396898735821,-10.808634400228808,21.14616957698272
5059,-7.574041437250975,-10.944926128452265,21.531243897894235
5060,-7.887105576044341,-11.68763428654784,21.390778189843033
5061,-8.137970739710433,-12.005009778073683,21.296364881796116
5062,-7.849474807704784,-11.95926490933601,22.258977542313406
5063,-8.18488288653708,-12.415556448151456,22.452838540169726
5064,-9.099536962687207,-12.672153134610102,23.664426661532257
5065,-9.637618665406487,-13.588432937765505,24.150297811368777
5066,-9.983056762956728,-13.747889636886514,24.58543590773671
5067,-10.445044794610629,-13.8592495561554,25.026582297194313
5068,-10.8512770515662,-13.923495980108427,25.710001438676876
5069,-11.337968315457431,-13.966718180735564,27.095893024503617
5070,-11.832610836973794,-13.925478796940268,27.537459891185637
5071,-12.023051888984273,-13.900490691213468,29.00321512745049
5072,-12.488336822164822,-13.298756473255153,29.906432921495913
5073,-12.589192545374175,-13.092900755276956,30.431198006383813
5074,-12.702456593657233,-12.673047065129524,31.143324316954295
5075,-12.697300692230655,-11.976279008474746,32.12606569637794
5076,-12.36376880648938,-10.984822055372417,32.59980577724553
5077,-12.217478093513705,-9.382894567760374,33.132751158073255
5078,-12.220583351049328,-9.39091844212879,33.741046395890066
5079,-12.11421230537685,-7.844602606865099,33.82927181371666
5080,-11.630933113059312,-7.098994953326526,33.89990630672085
5081,-11.528875823653635,-6.738665534731364,33.7662388386459
5082,-11.070170382054025,-4.828641788620759,33.75887970434599
5083,-8.891913186053216,-3.8154522556784842,33.23146821931157
5084,-9.116163463627354,-3.807096727681229,33.751039449549076
5085,-8.801176436760068,-3.1546251675742685,33.19710521179308
5086,-8.156395284222745,-2.168078834397541,32.26658648588307
5087,-7.3384239175117285,-1.8462716560019476,32.10914001742471
5088,-6.032485216646057,-1.502782852374911,31.615071574812333
5089,-5.486432572819867,-1.3660515787456922,31.325755635302894
5090,-4.8063006264266885,-1.150069907857386,30.472015324367757
5091,-4.355764616229361,-1.1429709630687634,29.864050228047503
5092,-4.178486139474475,-1.0277379379925002,28.922355027699595
5093,-3.9246772414173687,-0.9963138687516057,28.55219731354575
5094,-3.383441838227868,-0.8696334947186615,27.43737368662173
5095,-3.637839555780836,-0.8566959894497264,26.552129458841836
5096,-3.4576236876974105,-0.9098506347933086,26.041204210197716
5097,-3.152190499057208,-1.0236711442287694,24.537420888022563
5098,-2.5521331453764864,-1.0526499206651265,23.886840475860758
5099,-2.3756399652838684,-1.1674596982762455,22.718686916087968
5100,-2.1308074099274443,-1.1843957189017504,22.010292283192463
5101,-1.8323117576815162,-1.0910378832994345,20.891354065456188
5102,-1.8120127156496721,-1.2178370629572333,20.328091074220648
5103,-1.7691541656932386,-1.3691016234968791,19.97928373693282
5104,-1.7683805149337684,-1.592507048856711,19.355207103609743
5105,-1.7483339726104372,-1.6966481459365408,18.061705766722618
5106,-1.7377871541971794,-1.8235025840514565,17.75524279657493
5107,-1.7332509714075208,-1.9975071555310706,17.247573114619367
5108,-1.707841287417671,-2.2833447080421894,16.97314348617965
5109,-1.8073407667973518,-2.445608916693303,17.03110421198
5110,-1.8680891684418879,-2.9276871014097794,16.07834995053798
5111,-2.0189266942172743,-3.294205092325678,15.92581733909505
5112,-2.19844975475656,-3.449004036802536,15.508290162877035
5113,-2.33343740161797,-3.479466518638901,15.012261942739936
5114,-2.4603585361372207,-3.885664669522694,14.587376229448118
5115,-2.491134800582979,-4.083924967329224,14.283130112695622
5116,-2.6934001472788074,-4.523285283786253,14.372385988561735
5117,-2.907529417246315,-4.7708615084236214,14.213697504627119
5118,-3.434180725158704,-4.709381276168063,13.740860784278484
5119,-3.6253997940302494,-5.1212614979261994,13.659889474759202
5120,-3.4066284563691425,-5.479884564278086,13.498878726536983
5121,-3.7240884848475884,-5.069915591662441,13.24643714264302
5122,-3.8590855465826532,-5.463035397685586,13.096014370180194
5123,-4.038598345737982,-6.304622507105304,12.962089333858778
5124,-4.27665248358223,-7.1883078629137405,12.834300672397104
5125,-3.9542097559998135,-7.692446824545375,12.8085734949054
5126,-4.373128647441792,-8.401041648501158,12.778814570167327
5127,-5.206941874343831,-8.90501957209488,12.80478866382091
5128,-5.977473165055977,-9.290712086767648,12.782695579661741
5129,-6.129129286257426,-9.779117465831673,13.174192158156826
5130,-6.8879735304492025,-12.027391046244771,13.378837812147149
5131,-7.31405154629511,-13.1910001406529,13.630482810065693
5132,-7.818931779787643,-15.696829918974741,13.944572595981331
5133,-8.355901487779853,-16.881483368715816,14.087961735452808
5134,-8.794249843040664,-17.823942624962683,15.670322800908007
5135,-10.168267078309915,-18.48126696732223,17.36129086567494
5136,-10.413949504523789,-18.68084519323295,16.447335245640936
5137,-11.503323650979084,-19.117821076592943,17.208258129830178
5138,-10.966344026612663,-20.36057681339678,17.76461834930398
5139,-12.894434137084133,-21.271547341454244,19.948222332137973
5140,-13.00489317615683,-21.414745918655612,23.77988063036015
5141,-13.90122232218337,-21.253867193910413,26.557260738952454
5142,-14.715852892862422,-21.254304214854216,28.831337931992067
5143,-14.888601786946403,-20.968096412175324,32.06174173368194
5144,-15.701692816175962,-21.266399279408024,33.091030156437895
5145,-15.460771573061654,-22.20296153931457,36.32060361715122
5146,-16.09991693163289,-20.474832045507313,38.89982769847852
5147,-16.95370699885147,-19.473467410067645,44.42057149575977
5148,-17.127496218760015,-17.597968067946727,46.30441587376259
5149,-17.20234567184097,-15.347552942285771,47.75073084637041
5150,-17.33047439145605,-9.031767531453118,49.28114399932734
5151,-16.75632124837484,-0.7444605191422049,49.63651230209164
5152,-13.572005726447962,-1.2041732080520746,47.53496252266491
5153,-12.362392704023522,3.2336143443945686,46.25945881658391
5154,-12.069080428034757,5.6333789190128964,44.513011479446604
5155,-10.520801838796661,7.585148362207869,41.63184668452351
5156,-10.208191770774153,8.49291197041326,38.1013554525164
5157,-7.293204441084935,7.447153971934593,38.78743942673887
5158,-5.227791358339371,8.389376543275908,36.52941981503721
5159,-4.466143285162981,8.946284355237026,36.00814230219975
5160,-3.5239017900308305,9.342009731724065,33.53343413589609
5161,-2.4211198086329686,9.4946468301552,31.376434461499414
5162,-0.8164623909578756,9.480663642498737,30.151518647465764
5163,-0.7604057428405631,9.443255541176917,29.24881429476577
5164,0.2727935026246855,9.349302380219022,28.415433066023486
5165,1.1220773829839088,9.30071580168366,27.952141045053633
5166,1.6295740208784817,9.308775513085557,27.705456546013764
5167,2.495869505808963,9.241477398383624,27.323583253969826
5168,4.0583498404996226,9.223416416752933,27.086794550193073
5169,3.7962681409780425,9.171795719066923,26.48112008417779
5170,4.765154988460963,9.146234259949614,25.555969250198384
5171,5.178907060716241,9.15394081311967,25.194484682118116
5172,4.688798719113378,9.18584188025238,25.05792598263823
5173,5.38918441892822,9.231488117928352,24.821550045984637
5174,5.1521380299264,9.330819014217957,24.628914116739118
5175,5.066295782807118,9.398140345715495,24.366257327234976
5176,5.526612037205961,9.438057569452337,24.044811944990933
5177,6.753231709322293,9.568022709925259,23.84632904242822
5178,7.538909937536472,9.697091829276285,23.86356888431852
5179,7.8724216386429084,9.996756727558035,23.901177811726
5180,8.194948159987502,10.525027767835585,24.04549067384882
5181,8.123234496255893,10.740881770837394,24.307169250846904
5182,8.490237288462072,10.729810756137022,24.607063290769613
5183,9.24518473831871,10.948231372084088,24.738446963544863
5184,9.381307341947272,10.704289510043944,25.14848159932509
5185,9.581232549105955,10.798068561659292,25.60347502104347
5186,9.716510941382785,10.826671968821199,25.824212839465833
5187,9.802313691317853,10.852093065768464,26.239834388797185
5188,9.890362877651652,10.918197621897008,26.703397839065158
5189,10.125394903326825,10.935526836186499,27.231542496279854
5190,10.181734381230358,10.898727137622673,28.25089663086458
5191,10.254314186353234,10.759330607760399,29.287696732423697
5192,10.313348728550416,10.561935374407794,29.551000113434924
5193,10.300725031344678,10.24447903018864,29.586286765827214
5194,10.295742684226903,10.089961843537743,29.954300444740287
5195,10.275453887184556,10.160895069494616,30.226370677393394
5196,10.264016870636334,9.802415152436964,30.583391399217934
5197,10.185650523603414,9.407669572259127,30.727043210378348
5198,10.05614750979347,9.265652436502341,30.787255327467136
5199,10.086075173459413,8.876203901651596,30.881189339579958
5200,10.039746466579315,8.518353356546083,30.928286212740066
5201,10.008587785464979,8.200100496538575,30.957199626299573
5202,9.76676127697975,7.863298645554209,30.94886451161499
5203,9.751754830900893,7.449251063386442,30.940199288572934
5204,9.601914820472922,7.385384951983028,30.917464981230562
5205,9.014608590392973,6.535073112227086,30.861558445259462
5206,8.789054967649017,6.372376286105843,30.816487126317007
5207,8.511772015806494,6.180139071227497,30.52024792941422
5208,8.163355760821343,6.109790415256012,30.003743764395153
5209,7.969800065656771,5.7285144651946345,29.8759926675671
5210,7.760887427417727,5.3301267498670235,29.816238024458062
5211,7.5095798763756125,5.13263762199414,29.403955211308602
5212,7.194699838880656,4.78548868712824,28.880970367222087
5213,6.736094398805767,4.608525437137432,28.692754157492708
5214,6.700278596943678,4.520741325918722,28.725253590378546
5215,6.560931406152943,4.528679825810703,28.931568095201712
5216,6.321730778337545,4.503674215759784,28.175447868926614
5217,6.26528649631793,4.364332462220472,28.513955140078945
5218,5.699309772088758,4.288547069757325,27.53557742220257
5219,5.22056544531434,4.270825288923108,26.918665590309796
5220,5.144421384259381,4.282457641185662,26.409890373608963
5221,4.990899782752303,4.391751249002508,26.261322135827424
5222,4.927259195032048,4.417678507767645,25.656871092156777
5223,4.857094062810122,4.381733188501914,25.13901947639746
5224,4.824642891008768,4.478397313647833,24.636629476500563
5225,4.755386093612966,4.639603343675044,23.710715792530728
5226,4.737469450144054,4.996699153823826,25.036545883849854
5227,4.733867201565228,5.161330955398632,24.570956449567706
5228,4.833810386227739,5.236692144380616,23.826747314228022
5229,4.861173242707015,5.411365580610909,23.294481814417622
5230,4.963031414047774,5.458047290999401,23.000956489717435
5231,4.958845577333461,5.1569573997114855,22.418310174738405
5232,4.981286083207813,5.32402538754977,22.119146289666382
5233,5.005503609691298,5.588921037058949,21.768139572508492
5234,5.049552476172063,5.914523812732146,21.31487103498422
5235,5.11024201865895,6.5283448656734215,21.051462001604225
5236,5.325758682984135,7.091588719729849,20.902805825409605
5237,4.598801915228032,7.3790844180823605,20.70003336764569
5238,4.8550731412143895,7.584466188171219,20.488610139458817
5239,4.648511477039621,7.832933373423716,20.32354996401464
5240,5.185024662159362,7.929469302599995,20.012515382526246
5241,5.411836381784258,8.290881550498458,19.848781912572935
5242,5.626428711488714,8.708877490222768,19.631348689039925
5243,5.940149762807263,9.082458643255082,19.64048997738072
5244,6.212866859510396,9.399498178434508,19.681761349190666
5245,6.515256118433172,10.056392561192999,19.759506830345778
5246,7.435199931038611,10.799064034082619,19.872611791685543
5247,7.76448125443551,10.939398174669632,20.100629820893808
5248,8.24331277831909,11.103724989502188,21.10121234429387
5249,8.455235219380437,11.644347213453049,21.47623268605134
5250,8.778962305216202,12.219477810493869,22.17085454963326
5251,9.26691938558969,12.883665955124114,22.569256658235297
5252,9.283395556746205,13.233546647129112,23.737899323822532
5253,10.042316095668255,13.61000506039241,23.728848831118608
5254,10.473209526838138,13.8412735854862,23.639772513845816
5255,10.89931386081208,13.958915283170723,26.545057842206567
5256,11.369348691362779,13.979145503562824,27.986108240114024
5257,11.685695518693178,13.865207925167963,29.823091827324973
5258,11.74955458116651,13.564136249487005,29.865626011671935
5259,11.892673650057235,13.10573985742896,31.262135405094146
5260,12.024007116049255,12.397946877073796,32.1461518976895
5261,12.042319943349446,11.19432154783374,32.84930496409477
5262,11.919977297643886,10.87563746065664,33.68951090578291
5263,11.748184298234733,10.002096665345867,34.18472240713628
5264,11.637183076978802,9.530616690358471,34.36730086698585
5265,11.127060183661666,8.492503269927482,34.636329621422064
5266,10.705149866523259,8.197455057192185,34.659722684746555
5267,9.917792603682361,7.002558463034109,34.61370519272649
5268,9.877256790872337,6.296274143037392,34.411061644845205
5269,9.69516656576431,5.750604419412117,34.21400299781073
5270,9.273917073296657,4.913447580913549,33.25342080916746
5271,9.209856856131635,5.051371739985017,32.87417605337839
5272,7.976747112564956,4.082783995671116,32.14328837124168
5273,7.626584205363612,3.7334259604910653,32.531442793302254
5274,7.2017950761836635,2.935911246903578,34.66394484490226
5275,6.889039934679907,1.6446754550423348,34.42592040309302
5276,7.032487294468083,1.2226532665292629,33.21115315943436
5277,6.923068103360516,0.6013590234606448,32.413671563836495
5278,6.267101598336944,0.27699791505769994,31.477550480097094
5279,5.198772486247932,-0.4276923329448757,30.879136481682885
5280,4.402071548193154,-0.5788227500267392,32.3957422696282
5281,4.053937461759591,-0.718973001499589,31.944414604641533
5282,3.5779744111639955,-0.873503881560642,32.34017534601691
5283,3.1029736171398157,-0.8709502636126041,31.81712052874267
5284,2.679741577791133,-0.9293375957707897,30.39995954396431
5285,2.0458909526371105,-0.9872143493413558,28.978171037512784
5286,1.6714443118755784,-1.0058678606176317,29.880830825127756
5287,1.090562251629387,-1.0298230704398337,29.406811953122794
5288,0.945564530900614,-1.037397003483289,28.518205860356534
5289,0.8790952923619737,-1.032628227958344,27.50229166986788
5290,0.7695686232417034,-1.0112606578510488,26.384117589862207
5291,0.4980697192417403,-0.9778382214154184,26.011273278133068
5292,0.5208959516148671,-0.9593019014165101,25.71511618859054
5293,0.3287423221233552,-0.9453505535133935,25.76304552813726
5294,0.32496561638440763,-0.9168301615905028,25.137743199186872
5295,0.21620175000831326,-0.8956243902834811,23.492647323923997
5296,0.17597578475628475,-0.8830385204044158,22.22427545567779
5297,0.06929978663272672,-0.85837198861299,21.98659130127344
5298,-0.03835781333613618,-0.8415897022912853,20.787688967707933
5299,-0.05246813953127189,-0.840490477041857,20.58030765195935
5300,-0.15883198977416785,-0.8285613109656896,19.98040546411793
5301,-0.30924555671761844,-0.8317009125379282,19.976271080556486
5302,-0.3426739381056145,-0.8634321401609006,19.388746536842106
5303,-0.41478570944708876,-0.8773743012116272,18.823470263682577
5304,-0.45767902218888684,-0.8734254992605051,18.215354923969794
5305,-0.5433686467229846,-0.8423530816550255,17.677097542080233
5306,-0.6359228798662867,-0.8747880114750677,17.97286736282979
5307,-0.6755887214299315,-0.9131880966694594,17.638272965731705
5308,-0.6984828679577848,-0.9768480105446703,17.012811580900333
5309,-0.7108681498948964,-1.0576310407230027,16.44400115280597
5310,-0.8005994087918028,-1.1774038638941688,16.03097957455972
5311,-0.8382524298015784,-1.3154154977220769,15.800834781769415
5312,-0.8806492981988056,-1.0269573000929086,15.171381643385747
5313,-0.8953726726670579,-1.0601406797589081,14.83210545026038
5314,-0.917134609529729,-1.2358355892507618,14.919502618768295
5315,-0.9205511566556915,-1.3228250357591245,14.587723484824862
5316,-0.9825235235156965,-1.4146792311808183,14.331994769468114
5317,-0.98960020805166,-1.7099554424311112,13.302631950818487
5318,-1.0944774854715151,-1.9207455229377934,12.951920160719851
5319,-1.1861677370986814,-1.9790166877725135,12.632838320896377
5320,-1.268854633205161,-2.1505833025150185,11.793352597376833
5321,-1.3784446306098952,-2.4858934484862867,11.567981131613053
5322,-1.5356291371833342,-2.6295008940388676,11.297020515467002
5323,-1.603828311789854,-2.799011210239462,10.594200944633515
5324,-1.6354372832344892,-2.805947928443994,10.35505459468446
5325,-1.7391853541757745,-3.1526977452978087,10.238264662229842
5326,-1.8754958630591414,-4.075473509145892,9.90161649643918
5327,-1.7809350533343917,-4.348682866269766,9.864286043565462
5328,-2.1558079533099432,-4.7413086536470885,9.697764749768329
5329,-2.1236044745224896,-5.321920479015891,9.467073299625001
5330,-2.646386505550548,-5.625169819163136,9.256454957573943
5331,-2.9798514863620835,-5.717367907384395,9.180965196989774
5332,-3.249781722671651,-6.219416639912176,9.0775251205366
5333,-3.5041845105984373,-6.890290842808757,9.013898929194436
5334,-3.8532035744035418,-7.58826056896087,9.01539866534885
5335,-4.027794223135671,-8.983586916347631,9.076828692765796
5336,-4.414879409655182,-9.61783926681178,9.267128417061823
5337,-4.808783941297399,-11.465234198734791,9.537847398522587
5338,-5.378882561712079,-13.199813968987517,9.831974647257255
5339,-6.730115725414542,-14.24140984587772,10.299804666035579
5340,-6.9746055949800425,-14.481167584170429,10.755895886162174
5341,-7.8430125796095576,-16.358137294964926,10.877790470559512
5342,-8.482648842596626,-17.457614555041896,12.468810823110827
5343,-9.182110187355843,-18.641460967777675,14.083481376915449
5344,-10.033868069702015,-19.90566408181887,17.073027826779235
5345,-12.06740928423427,-20.15282382142699,18.402310834788377
5346,-12.70411448202744,-20.09396075826484,23.833191872992472
5347,-13.608987180869695,-20.455117461379388,23.238259466819343
5348,-14.908019658401441,-20.97317896350491,25.566525866801065
5349,-17.290193434519104,-21.13612515836632,24.036944424714676
5350,-17.682031577220876,-21.392261450937774,25.718070469123166
5351,-18.02259256841802,-21.546441932661626,17.707509356953132
5352,-18.77936649388083,-24.779932645681544,21.878787852873316
5353,-19.361482085270506,-24.782615575006556,29.084372020130843
5354,-19.86700810216623,-24.30969579908744,33.08968067771179
5355,-20.291032733953077,-21.781246159873813,33.176401912702914
5356,-20.430919004412004,-20.149086730389627,41.740538690709535
5357,-20.405415918784232,-19.0216565878193,45.47312800556496
5358,-20.289133469199864,-15.55619173308535,50.60616776162533
5359,-19.710538202513728,-15.540843171514782,52.02164400768248
5360,-19.02034641800384,-11.413732809504381,51.57640531039939
5361,-17.807994459152095,-4.695377345861125,52.40950514485231
5362,-17.667926984458948,-1.9321218870533223,52.01092365474414
5363,-16.047495299817705,2.4845329650840458,54.27862627780565
5364,-14.302921576185485,13.044271614990707,55.21755576581066
5365,-10.97614593216174,17.279714991629675,51.07695909203264
5366,-8.947197336615359,19.772195870671485,47.12885774030693
5367,-8.469487880340353,21.901764740956903,44.85260166945313
5368,-9.637027068752355,21.282053025716273,41.10901175444961
5369,-11.055608049522876,22.879618766854474,34.82606229260846
5370,-17.64208005051531,23.39693104638763,31.692229206616265
5371,-10.315867870351958,23.864402674579974,21.24180150184778
5372,-6.954982500489123,22.630949837510876,21.532395141160677
5373,-5.963814729677812,21.782514160164254,16.87946205151873
5374,-3.3110324353785896,19.5534720254291,15.155153184593114
5375,-0.9669617301034998,19.09266033712038,14.081383173602962
5376,0.4643469720604272,18.49794179514279,14.467769728303628
5377,1.210346488943932,18.364651271031764,13.875149709582631
5378,2.8764930837883567,18.348337886660673,13.78279011198757
5379,5.5443086986758505,18.967861567825384,14.026885582422485
5380,7.159981739368147,19.608652714604084,13.383399542666254
5381,8.093749809576778,19.880922104604206,13.632047998509158
5382,9.5877852277903,19.566950616314557,15.306910895856314
5383,11.122726558415408,20.32199056687971,19.712518793530602
5384,11.735670264070901,21.752192164652264,21.257423996477055
5385,12.45703139506706,22.179041605964304,23.597941533068596
5386,13.188655008908285,22.434046207226345,25.53019352561433
5387,14.308107493875966,22.618704249381647,26.563537474309133
5388,15.672371557122089,22.597744775361996,31.356916046606127
5389,17.5090881444778,22.011653918196505,34.60029902931065
5390,18.841705013793064,19.24281669242732,36.35053143852653
5391,18.875086447115343,17.646816861966258,38.486568113410314
5392,18.780192325797056,8.886517737275463,40.637479725308985
5393,16.840127918723358,4.876883218751622,42.124908024706535
5394,19.47359195099768,2.8559752639143525,42.30430561989295
5395,22.765278071292144,-0.7494797020226831,42.073478463698315
5396,21.23981414702016,-0.5979671853156383,40.50162458978569
5397,19.943995168535793,-2.8212125486917667,39.69051971259281
5398,16.95450436315018,-5.693920114623488,35.90700295806229
5399,13.932867421318669,-9.03554108646573,35.72157767875827
5400,10.721930187511754,-10.791535221179387,35.559244962780646
5401,7.950999745461958,-12.754895766245607,33.03210120119102
5402,5.236210721616079,-12.737921231995067,31.632515764830735
5403,3.478669054723208,-12.817590958826301,29.447442598821326
5404,1.7023508948837958,-12.725034481626546,29.29703607795585
5405,-0.5311831905556843,-12.760893238093438,28.645850327518673
5406,-1.6352600788089164,-12.571477936414412,28.487794827204155
5407,-2.366885783579632,-12.255325779378827,27.912336378795256
5408,-4.092752235365937,-12.05789069029527,27.14567396424564
5409,-4.642371119950287,-12.026224945724644,26.873114662306463
5410,-5.008569530834912,-11.97345844865608,26.64308045843757
5411,-4.454116794518067,-11.929758264912689,26.497184409056846
5412,-4.449439436844825,-11.864529052327882,26.353722385014134
5413,-4.88825300172499,-11.818013215038052,25.517819395357318
5414,-5.652846006829428,-11.820879460542882,25.37411054480261
5415,-5.748689032437802,-11.815965771307841,25.36731262035695
5416,-6.276652981397479,-11.848233514803296,25.36801103477513
5417,-6.707642400789294,-11.978365698984847,25.44181085139812
5418,-6.77918395274633,-12.086795482115102,25.661224968380434
5419,-8.065740741326175,-12.14049980209763,25.649876112234566
5420,-8.519963597613355,-12.179426428677328,26.380874808963764
5421,-8.837947779782287,-12.190315255366395,26.462442232694258
5422,-9.358936374086438,-12.19398938057024,26.313958455242375
5423,-9.739853616760016,-12.232776860509698,26.765579795024635
5424,-10.041701887012493,-12.229738847912875,27.111490867352497
5425,-10.37291770301506,-12.271362689566852,27.62273979309989
5426,-10.541000717269997,-12.198359635076494,27.869951335450775
5427,-10.67343839765103,-12.081908527837637,28.59437877223537
5428,-10.76468099262014,-11.897017736539135,30.08515920881561
5429,-11.01434666042438,-11.563154453687078,30.526714284362914
5430,-11.09547523056509,-11.755728408212699,30.564890608792556
5431,-11.165959429290535,-11.62598303407982,31.035483319100443
5432,-11.200515712510674,-10.450472359297084,31.14217087123912
5433,-11.174649185667434,-10.009877852041223,31.3043798748302
5434,-10.892364133565911,-9.85416773747,31.49611887346471
5435,-10.793165907673746,-9.767219196809956,31.734144915216888
5436,-10.659217414306317,-9.332079863874396,31.636602638833185
5437,-10.49160420604728,-9.001378308819678,32.374315961348785
5438,-10.40228808518924,-8.082090505725777,32.47176427103287
5439,-10.170437628905978,-8.683042218741987,32.443359798868215
5440,-10.07678935678617,-8.120095895583242,32.47136234401491
5441,-10.072345197564832,-7.805591653360053,32.4191707457234
5442,-9.843057125547197,-7.222407361636955,32.38218641631485
5443,-9.82446750643931,-7.297943410428558,32.38598092420367
5444,-9.645378200622435,-7.033890440838855,32.35079354196813
5445,-9.04304447212172,-6.339963357599461,32.326898375664044
5446,-8.779828501589261,-5.219392405755805,31.959956018744712
5447,-8.413089430012906,-4.287349116991213,31.773274883343817
5448,-8.197765683453982,-4.035124529269156,31.21282011890201
5449,-7.799632183775994,-3.7363066619400986,29.896443732775577
5450,-9.020625226962064,-3.518662680834501,28.763661692027814
5451,-8.790169019640171,-3.340186103873057,28.355015269232393
5452,-8.454738515143134,-3.2706027153846184,28.587416623111864
5453,-8.123937828088698,-3.1741532272504647,27.976167595768715
5454,-6.688929985099667,-3.1393762073572042,27.76933574526397
5455,-6.345362758983801,-3.076026027808251,26.554389345929664
5456,-6.118296289462301,-3.1837675112112462,25.618855592444124
5457,-5.842782765478277,-3.3073692418933307,25.328980401795185
5458,-5.866578908714071,-3.4416585773714696,24.602004459115033
5459,-5.862117070940289,-3.531297373106515,24.34089863441488
5460,-5.459520850622406,-3.6769028314523338,23.800211401574643
5461,-5.264946624256853,-3.957297482450052,23.08078946062093
5462,-5.2007775495496125,-3.8807018854270763,22.643383612665644
5463,-4.966191976920247,-3.972345180526842,22.166142562000832
5464,-4.812977151677509,-4.033039159948873,21.639302702375538
5465,-4.789754764161239,-4.199424153962423,21.316986591669593
5466,-4.69892840357819,-4.611162575132152,21.81864421514616
5467,-4.692204411354985,-5.24768572267108,21.43825192740633
5468,-4.779917681055499,-5.662007215928712,21.083512788366132
5469,-4.828588596165925,-6.1537063082157575,21.24650450948942
5470,-5.030833700942857,-6.460995634086821,21.00622415610508
5471,-5.141856666690635,-6.727764745176813,20.764123684139125
5472,-5.428975475854095,-7.0456522500638625,20.570409851049153
5473,-5.580680325998134,-7.4878979754775905,20.7804911367716
5474,-5.905162448719667,-8.034101093741473,20.650277851781734
5475,-6.18982600871039,-8.456950144017199,20.487776416414732
5476,-6.468739133556811,-8.366857657691602,20.44081389878402
5477,-6.3798767965981735,-8.884509435236394,20.432457640591473
5478,-6.231648107696964,-9.25938591321439,20.439814420855015
5479,-6.871006844886135,-9.587877528582961,20.532623605789716
5480,-7.244239260153953,-10.19452681213598,20.646448564586283
5481,-7.148810663158851,-10.526397300716178,21.020134799083127
5482,-7.549029915329738,-10.645945714835223,21.178873718685196
5483,-7.950165596653361,-10.509114110209573,21.38630019995156
5484,-8.351002269622374,-11.610693445441619,21.81501315042813
5485,-8.620127037168619,-11.580286297591115,22.132155049551443
5486,-8.930834879068572,-12.179615392893094,21.95470084989481
5487,-10.007332439758224,-12.61008836335263,22.695707204295903
5488,-10.504015275729861,-12.592506586310801,22.174132494210603
5489,-10.737217384475594,-13.465245058313219,22.82928314527539
5490,-11.124709088736607,-13.486065170496012,23.69856489735493
5491,-11.247894997024385,-13.73464043076724,24.54144861726778
5492,-11.497932227098259,-13.964665044989946,25.366159301009123
5493,-11.663049971549759,-14.095762079698106,26.416329707982104
5494,-11.982934322031266,-14.086917122646028,27.592748572422202
5495,-11.912503361128197,-13.960393529296137,28.850747655083982
5496,-12.227598104089582,-13.773979526670484,29.371282126355595
5497,-12.329973584969398,-13.573453607900467,30.39263639659792
5498,-12.50154151714013,-13.293528941211935,30.551279129411576
5499,-12.608482753464822,-12.691091999772471,30.664702320984887
5500,-12.612691991909772,-12.111576598006291,31.39747286761713
5501,-12.561749121097503,-11.453067252350003,32.457801653927156
5502,-12.394178275798367,-10.851452105159742,32.99675931429122
5503,-12.221916792793303,-8.139501445770167,34.43075443253649
5504,-11.565867405635029,-6.827265535494933,34.546787061408615
5505,-11.199761106886886,-5.118367028880383,34.13191338354907
5506,-10.370414176876727,-3.726461304665562,33.52754575173274
5507,-9.477159000473632,-3.209831673685039,32.69639118419283
5508,-8.516640985582129,-2.3979803092152827,32.52362516237497
5509,-6.798996853710367,-1.5758451548666417,31.74700442723841
5510,-5.9453521372763,-1.126820052624658,31.31332881606746
5511,-5.48080460368573,-1.0015839502648993,31.391872042687655
5512,-5.0426850559991125,-0.7786693979604195,30.769456763778756
5513,-4.587303563674629,-0.26735947102482394,30.084309344230647
5514,-4.206054805349756,-0.17314675483228228,29.251844093167872
5515,-4.014580714774189,-0.11454740520922582,28.374168707811226
5516,-3.8613578273801936,-0.06887272373762202,27.440459202410967
5517,-3.5580509918937846,-0.09387201837876444,26.83561523096659
5518,-3.0528629384795645,-0.13897693033528197,27.412656666601052
5519,-3.2468211701626593,-0.12177247849453107,26.826228880738373
5520,-2.4103911131440445,-0.16401148037514554,26.78641241076273
5521,-2.061001296146859,-0.1332420604850749,25.917821156165854
5522,-2.0418834942098534,-0.1689614476833,25.561161406477133
5523,-1.9748267517816407,-0.14950614001523937,25.49552486007008
5524,-1.8300977081174938,-0.18857967785504084,25.058836424066868
5525,-1.4892008095685576,-0.29087848449630443,24.383567721382754
5526,-1.2543376044730516,-0.33669557777254444,23.589645867530855
5527,-1.2348810388171203,-0.4304163636511528,22.776069739575362
5528,-1.1253538603065878,-0.46591083752283385,21.40960785146124
5529,-1.1027274382344645,-0.5939518518813947,20.64487802708465
5530,-1.0533141647255788,-0.7028476294506997,20.304516924957944
5531,-1.0115001083413802,-0.8003810726537053,21.04797022255219
5532,-1.013477461256434,-0.8902701265958171,21.39055494927686
5533,-1.0005945089164139,-0.9477380858753133,21.681599643917878
5534,-0.9975772246761515,-0.9679495216648797,20.82593729544428
5535,-0.9929037525939675,-1.0287212451732368,19.615909348369787
5536,-0.9931764626560683,-0.7781410148065933,18.37254090262208
5537,-0.9534586087590737,-1.0031574370186698,17.93471617574875
5538,-0.9584160985162177,-1.0844210333963455,17.34683067800142
5539,-0.9599757565019054,-1.175827456691375,16.496612955026688
5540,-0.9929253010680462,-1.2240743996403645,15.437058818857405
5541,-1.0119618642778891,-1.2998465835670803,15.048978174927582
5542,-1.0717597015483933,-1.359097375345462,15.07822574026786
5543,-1.106704216130682,-1.571910848352978,15.099252041409148
5544,-1.1967451496495427,-1.758310802965239,14.857070669921018
5545,-1.223612242552212,-1.7615879741352634,14.592850700767073
5546,-1.3060991307601886,-2.129387554980174,14.048431321955162
5547,-1.3629430881956397,-2.257431419441056,13.575173220251743
5548,-1.4109222499994931,-2.400915975197587,13.19178203313781
5549,-1.6151103084566858,-2.5940340686834897,12.882912124927303
5550,-1.6090283205647105,-2.827481309193011,12.509009563571308
5551,-1.7081635673100946,-3.0318019309193875,12.234335619154255
5552,-1.8531583397023652,-3.375662096182793,11.828675325626486
5553,-2.15756241141997,-3.8814891076216043,11.867047002849928
5554,-2.2993990310137917,-4.245670174868966,11.902590346086418
5555,-2.469576013250058,-4.531627051407253,11.690551661305273
5556,-3.12007178669129,-4.7806435297292476,10.286747864750765
5557,-3.48301569201784,-5.415324673279966,10.345732389918172
5558,-3.8338959206784216,-6.046321538614939,10.393771507464246
5559,-4.149802112883876,-6.393219196519789,10.333791544900976
5560,-4.730643845815557,-5.942603657462309,10.324966343537865
5561,-4.861702525356857,-6.580866713539904,10.334275104309224
5562,-5.386846090073244,-7.631778987375199,10.380914348049917
5563,-5.762251289823498,-8.8780954656253,10.493716028238133
5564,-6.3703373259630185,-11.04980285567835,10.805417410559485
5565,-5.471800697997024,-12.526018815027072,11.524985253739276
5566,-6.269154968800375,-13.179512453826991,12.091657326165679
5567,-6.486979424078852,-13.296592897758998,13.155979928542248
5568,-7.593716917461204,-14.339150542755773,13.575297066730778
5569,-9.63264670226718,-15.851700839838426,14.679583928621451
5570,-10.154361256848428,-16.938209573527775,15.126974078694106
5571,-10.433398590779941,-18.392591364333846,17.615117887966907
5572,-13.548912472943645,-19.316213265522478,19.929745813827882
5573,-14.33145241138516,-19.928842611302038,24.26584267466493
5574,-14.836638927375466,-20.324232277079172,26.09947026055375
5575,-14.773663917810484,-20.442708055187214,27.410545325076416
5576,-15.850471789428376,-20.27137672726488,28.41465795083313
5577,-17.425272468841403,-20.013706127191355,33.065004269887034
5578,-17.9433200152541,-19.559311866004325,39.115093275596536
5579,-18.13366361846317,-18.044074488877882,36.47709947204095
5580,-18.123907492515816,-13.137195288248332,39.04841090381221
5581,-17.062241526471553,-8.208070865857678,42.12897220723013
5582,-16.837677156362695,-4.370848652238964,42.40998850242859
5583,-15.21158569315818,-0.4205728166711009,41.84905823604996
5584,-12.93995538008868,1.6906428688874895,41.93554187031833
5585,-11.68231992278869,3.2803023407613354,41.45419615483488
5586,-10.957295789969345,4.117530069952952,39.64400605657397
5587,-8.454620496199551,4.500398467445786,38.3388223288201
5588,-7.649795398737672,5.666482445143013,35.37773829341899
5589,-4.767329617753638,6.481625815299761,34.3355021805148
5590,-4.39258972604522,6.668480314087173,32.65276598719546
5591,-4.179331675974525,6.8349876829416525,31.580853798577053
5592,-2.711748507958943,6.773846286415392,30.232439089324522
5593,-0.9611622047584363,6.767144984794316,28.03003972998652
5594,-0.1840668121112088,6.608986168504865,26.92260421274943
5595,0.5339001123448905,6.563636371032497,26.8857125139705
5596,2.4295268820638696,6.507121816999435,26.481492628284684
5597,2.3562047890539666,6.482291053613079,25.60286235061558
5598,2.5952188844272754,6.468866486205284,25.09089212481567
5599,3.4323878072115384,6.476346362207294,24.610402112096093
5600,3.6933896571940603,6.5236903440466305,24.149838192988152
5601,3.9703097176204336,6.615670339939808,23.724295307677718
5602,4.335093150216698,6.8261542436644795,23.02266260411347
5603,4.755574902081788,6.935254206801323,23.246532670137565
5604,4.779054157403164,7.053747951597176,22.607839564465856
5605,4.934381648832992,7.193986873820671,22.671583032563568
5606,5.096627796915793,6.952619998935433,22.406885765862356
5607,5.719011473215388,7.117139298210279,22.12559930381719
5608,5.874664402194034,7.342256972300345,22.06337933847257
5609,6.128102669069754,7.64568472828168,22.038359819413937
5610,6.434439119492276,7.644260008634924,21.95716057152406
5611,6.501128539889666,8.209551628444073,21.845531332521084
5612,6.64686489324056,8.671834380081016,21.807256389820974
5613,7.312761841051135,8.579019202251798,21.803377583728004
5614,7.273782874331695,8.5253589681856,21.888191261722973
5615,7.352185780753342,9.529781116685967,21.933156471572698
5616,7.776082602173849,9.114226068352005,21.970022482967522
5617,7.960772623571141,9.631766888708826,22.13733355602085
5618,8.134678554284362,9.847811888877935,22.30012591389607
5619,8.295903085577512,10.093954594006268,22.586030435554367
5620,8.371494142031631,10.402232535992699,22.415700169699182
5621,8.664496504955974,11.025428289215991,22.785955420672572
5622,8.649489498833423,11.333291884753864,23.032572270386165
5623,8.795875930451794,11.681345579202468,23.297564815317354
5624,8.953682928948613,12.008798858844957,23.834555948504082
5625,9.29998675144785,12.200446597241802,25.286096115397385
5626,9.27324374205143,12.234076838181387,26.473031685501695
5627,9.538688317746153,12.256515279703228,26.607033051173726
5628,9.829510292825777,12.268102014493,27.145036601024742
5629,10.0854103072497,12.245807299742763,28.271631635792083
5630,10.760923653177336,12.081624761570163,28.60497870963963
5631,10.839059382947829,11.725210634560844,29.1993575900245
5632,10.964831668379714,11.489192858263248,29.583200193041428
5633,11.014140114748644,11.2176724683913,30.167488966794767
5634,11.018625747061376,10.933179861938854,30.908702574488462
5635,11.006440714036772,10.260961339349947,31.62340102008283
5636,10.98393442140062,9.256942713569607,32.165415153562584
5637,10.685974413127656,8.463413523837016,32.455769920006674
5638,10.508412827665607,7.909766897680925,32.50108477813662
5639,10.03547171152635,7.377602702050888,32.472727988341056
5640,9.489939305675236,6.596105654133771,32.3295841944525
5641,8.782509246890147,5.7372860564832955,31.63806290612171
5642,8.124600791233007,5.786849655654563,30.604192709808622
5643,7.895859879742258,5.611568012587398,30.585736474561916
5644,7.719409175905534,5.1919768567151845,29.82355704379134
5645,7.581378567155686,5.000648986106865,29.70923865271411
5646,7.366305926120608,4.967148260709164,29.302018107162866
5647,7.254436841594889,4.9200945414932145,28.726395176290186
5648,7.279119497855242,4.798401053168547,27.89564165459121
5649,7.010261180909465,4.8005879965302,27.616209896733974
5650,6.925142967399618,4.727664808086379,27.233786542725404
5651,6.614829802310354,4.733105231385339,26.35865462881332
5652,6.5116103962714105,4.8107673387520435,26.028252765458948
5653,6.598435697338748,4.893528229285237,24.801459178265553
5654,6.464944212842502,5.150968336984113,24.443607426633058
5655,6.2489705364850066,5.510967968035988,24.13609502134566
5656,6.18486850061232,5.736415888966212,23.928518693874416
5657,6.13561743740171,5.892278435244211,23.953264820075223
5658,6.136619577069259,6.218569274629922,23.79333376885017
5659,6.145447900530667,6.346389105768945,23.67861009811574
5660,6.155443100214064,6.663447678459892,23.318646556020084
5661,6.257593373731397,7.106995542419477,23.215848174659
5662,6.160124138956087,7.581892957552799,22.822422886410774
5663,6.179576705246309,7.616916817022206,22.56158549061259
5664,6.417956461489743,8.074464961114899,22.370311265965043
5665,6.5567507549220325,8.49304606538305,22.329002238960964
5666,6.601495772279564,8.400948650958899,22.30679663962383
5667,6.742374653782109,8.943084022578399,22.25819637909199
5668,6.76693659741276,8.82217056874606,22.266717062202975
5669,6.923554908776158,9.039084101156092,22.269709180551573
5670,7.088043802525316,9.601929585154,22.305074185133
5671,7.2731226975556105,9.763334221399958,22.59417476959832
5672,7.581647942468002,10.171216631272424,22.766293687923575
5673,8.123137812155548,10.512970506485523,22.951794697402388
5674,8.422247900630056,10.786941326954777,23.22914541617302
5675,8.6489096488984,10.682966691360797,23.76871024160448
5676,8.64760489165284,10.76224553370438,24.097096629490956
5677,8.779194415456171,10.811946282337303,24.482055079573932
5678,8.840001042980388,11.009169290622808,24.68446365640918
5679,9.111863625934799,11.188556385805118,25.09474235404096
5680,9.246667568899168,11.37312948712553,25.22331842913271
5681,9.662242242756578,11.54422364098033,25.283381483764483
5682,10.10144125970301,11.766351069810728,25.02819708713097
5683,10.444985484862288,11.921238101199625,25.90114947633158
5684,10.647397741005264,12.099636354004668,26.032189948687527
5685,10.815058252081977,12.229119036558194,26.538232413951135
5686,11.255582153440322,12.260468487504397,27.16931869244785
5687,11.343585730827659,12.244033187470448,27.394692544858053
5688,11.318334422782888,12.199120111534777,28.57556528177951
5689,11.386271335135945,11.993141350936181,28.707382700155552
5690,11.461033343298515,11.878089292785296,30.384509602193145
5691,11.48553873792945,11.625896365974395,31.337211887083562
5692,11.511405171626185,11.260836041991764,32.22895270017909
5693,11.498106681598808,9.659042425209535,32.61116547770241
5694,11.31760724827166,9.622601952705168,32.772495511087286
5695,11.254464954964334,9.025023431804833,32.79108032526856
5696,11.295619125868505,8.45104008974754,32.91987631042232
5697,11.393382234922854,7.615173975310695,32.9845801188925
5698,10.966016903742249,7.056404970641784,32.97242581524356
5699,10.828644661831245,6.528033751408401,32.92646145380053
5700,10.174415180964115,5.961183158934001,32.61863976162038
5701,9.44297067090207,6.145357510700465,32.34569353443218
5702,9.24285794858759,5.728982888473295,32.55757341147484
5703,8.793685958207952,5.332246307694504,32.171011959995184
5704,8.739295430079242,4.94813147807139,32.32443491139761
5705,8.33482820675408,4.048202282119699,31.913622113683164
5706,7.525308109320374,3.6645429367339073,31.206202026905967
5707,6.835224178102398,3.4534796110321397,30.560022455722883
5708,6.527150081140496,3.1979973960879695,29.73758617174425
5709,6.366047842260951,3.0560653781302762,29.11767788641048
5710,5.418045434677188,3.001667690511635,28.080409516284885
5711,5.366372406204707,2.958031659691203,28.076174856289924
5712,5.070568350757339,2.9276607439906885,27.377157915362442
5713,4.842860716150905,2.9293998968025736,26.495568916159385
5714,4.755211128187229,2.9702179720680597,26.344421086071566
5715,4.7802839711262495,3.022631173777471,25.753477846608426
5716,4.47140951203168,3.214492422168244,25.37381653891342
5717,4.3527998329162125,3.3863995679823202,24.719076680859146
5718,4.213382903285098,3.2924988453845496,24.095312954373117
5719,4.286781009859592,3.470427702055377,23.28583276350634
5720,4.216082641077126,3.6122008266248327,22.409427857796054
5721,4.194087967395138,3.7597967431981685,22.232431858300043
5722,4.240513270907362,3.960822314925813,21.335341420047634
5723,4.225887591151351,4.084918132311953,20.9371918793419
5724,4.194743847015266,4.371798386056743,20.983961217430412
5725,4.208059964044644,4.644375858848853,20.789477939513038
5726,4.251351298181081,4.739805070458112,20.341990891491694
5727,4.295179238654714,5.244893816176623,19.70638123780394
5728,4.519386551905327,5.508729496341164,19.413565947891957
5729,4.7932796689785375,5.896348632171244,19.49104050550631
5730,4.836311772936333,6.192828096873801,19.125265475020324
5731,4.771419617274229,6.514785547171415,18.91358058477328
5732,4.871809086282783,6.80644603872384,18.60445089138436
5733,5.003918112204668,7.482324832526348,18.406354064373165
5734,4.882214382723375,7.638369310728941,18.19635593632862
5735,5.147538197563939,8.127381960226577,18.013442879270077
5736,5.574598720353459,8.228193579364087,18.071273215738433
5737,5.754570558603545,8.74078958219208,18.05472310980961
5738,6.142130268164112,9.115830312762954,18.075976448279587
5739,6.354345362491245,9.393275075068665,18.164429287157812
5740,6.464323697635897,9.302635043839974,18.223318089025643
5741,6.857094579134073,9.369435556129433,18.210394206049102
5742,7.508345719090357,10.249910655743806,18.50185746229031
5743,7.806737412850882,10.96725291545159,18.8443437441918
5744,7.947071066020093,11.549537307672185,19.10774562838261
5745,8.491093234147263,12.154157888231829,19.84915307462257
5746,8.957771804108942,12.59472892349718,20.670894799341458
5747,9.286717009852774,13.242799497738554,21.514249293663916
5748,9.205550800477198,14.029272527739755,22.353295101860652
5749,9.743642888957009,14.625476224983245,22.662910667835803
5750,10.064105836421222,14.95750951449747,23.53079903053497
5751,10.25603708888918,15.646582437444286,21.393261387411535
5752,10.86796707373798,15.778834965441197,22.806232222855854
5753,11.369347010436574,15.884114409681139,24.055239280088806
5754,12.455818291095477,16.053531007213888,25.547409736621763
5755,12.753392531171642,16.36778304740936,26.361322309335424
5756,13.383352577528354,16.414618348932287,27.537751493005537
5757,13.779967689314372,16.255766253245607,30.08798429386186
5758,14.173227354001988,16.519777602774575,28.61222026741004
5759,14.358378172687065,16.3536730246032,29.609858514636933
5760,14.662564135717226,15.301883025747337,31.035455390434986
5761,14.713947765038714,14.178105883165756,32.351542753021214
5762,14.718665599251098,12.633105768164999,33.456326570362954
5763,14.188633282891587,11.23227605085444,33.98163586868232
5764,13.883389209172208,9.607090457502114,35.63040029086215
5765,13.540410647540437,5.816017743619993,36.61576742362705
5766,13.562985230415173,4.255657493488823,36.45816458195881
5767,12.086504806129152,3.4579109712920717,36.5006360449471
5768,11.455566806308491,2.313477851876187,35.88812853010595
5769,10.3150264542457,-0.4731431447183665,35.51022209741269
5770,8.34336122023238,-1.285662089747393,34.4469576757988
5771,9.441179122066616,-1.5600888440111897,32.68033457291658
5772,6.669587003258753,-2.2501082177770906,31.996184140282285
5773,5.855246769396972,-2.330049922342534,30.71354227261202
5774,4.90879868690155,-2.432881039438612,29.045787371746762
5775,4.133260230882117,-2.488783855502496,27.488118547660605
5776,3.4880768532396758,-2.433860011025038,26.838081544061346
5777,2.82985130681578,-2.332347752090439,25.32215691994909
5778,1.9058233682111603,-2.2448967930708954,24.70973432879935
5779,1.8251548777052016,-2.1188971433897303,24.243082117469104
5780,1.5181473349570662,-1.9862610320465386,22.974405480999778
5781,1.34394391218292,-1.8865839850526225,22.562503526751673
5782,0.8105730007319287,-1.7741860086417112,22.33570953640205
5783,0.6072798948855014,-1.6446799134711794,21.603278058075013
5784,0.3725023526999322,-1.6812190450559883,20.427310992778878
5785,0.10828139254654656,-1.6219359967524496,19.77189274131266
5786,0.09832330516238998,-1.6041880746323105,18.336293134744707
5787,-0.13579952213355484,-1.555207563659509,18.158105701120782
5788,-0.40269397551560077,-1.5530660216377101,17.60564586795281
5789,-0.44638908528174903,-1.6018422849166518,17.345798179461042
5790,-0.6120569901422748,-1.6331906651133437,16.73804634032416
5791,-0.769226882995032,-1.7434413544980645,16.980870222135707
5792,-0.9933771045532992,-1.856549928373564,16.732280458103396
5793,-1.0401364763743997,-1.8242370057332462,16.36206023597337
5794,-1.1863418861540052,-1.8956124501685505,15.983942187652284
5795,-1.2172839711931072,-1.923597291074437,15.619417312218664
5796,-1.2995381070593637,-2.0880013128316777,15.173479796903612
5797,-1.317311808826026,-2.202578325100518,14.169176972070922
5798,-1.3019382098329866,-2.244941065235603,14.023938154169777
5799,-1.397575621586565,-2.4242255642997277,13.618844438940421
5800,-1.4992110726410182,-2.5629290612921984,13.376031354171122
5801,-1.7877410247287373,-2.996260666209066,12.51876043209703
5802,-1.8415942180510279,-3.337094447610595,11.930183756283768
5803,-1.942338127820324,-3.8638847497945936,11.821639611631252
5804,-2.0696832685631157,-4.082426042269159,11.482527933028349
5805,-2.207525175679053,-4.227468960090168,11.151214180320254
5806,-2.570276253973266,-4.74003883869495,11.184329370345614
5807,-2.7775547688716737,-5.284923935937774,10.75555465524834
5808,-2.9814231885054054,-5.954624788299834,10.625204954582339
5809,-3.1186851551937793,-6.450572956956044,10.516917024128308
5810,-3.5586304039294787,-6.778446518247844,10.381859484378447
5811,-3.8707525166838255,-7.0387688830461625,10.347454699434373
5812,-3.984621687864275,-7.275159215415049,10.344446361751256
5813,-4.65373293042366,-9.927777403244916,10.367367836806404
5814,-5.3857689003422005,-10.709127879844793,10.464287700381222
5815,-5.948435456265147,-9.84428644768731,10.827907320993722
5816,-6.428386273346663,-10.100905627689619,11.105670531640763
5817,-6.584596604651479,-10.640679450046257,11.63284422647129
5818,-6.617870666511926,-10.192130222626696,11.812916014774236
5819,-6.945224906572279,-11.483935744061151,12.094044077971182
5820,-7.483536195277366,-12.002325131706167,12.515896563383997
5821,-7.960360246918505,-12.765851760077902,13.023736250484777
5822,-8.526907760666179,-13.314497070856952,13.763836738579032
5823,-9.203474346868882,-14.65590393644753,14.543456474047238
5824,-9.93101188437654,-14.94862039003413,15.098979218317634
5825,-10.297659729209423,-15.981205433003781,15.633279995021914
5826,-10.526442146217931,-16.723923771357637,18.088924865367044
5827,-10.955643236532985,-18.062286763141184,19.384878203616296
5828,-11.931739212693142,-18.846674478367866,21.526100658712505
5829,-13.101961488888866,-19.190819768989304,23.216521150438755
5830,-13.5713724425163,-19.943987126639545,25.072390509322403
5831,-14.221013936864011,-20.041904393103895,28.157395410228872
5832,-15.120986373807408,-19.705257800394,29.97460111591684
5833,-15.64365287157064,-19.116670127239367,34.62481225612951
5834,-16.148061556369832,-16.876245191807314,37.0323739607595
5835,-16.420216601194436,-14.603768281019729,38.57375649122672
5836,-16.33818211625113,-14.136608945358555,40.118715542415245
5837,-15.688865739054275,-10.300965990731484,41.697109360647474
5838,-14.681967245803415,-8.274893340479128,42.15489155597928
5839,-14.07406692606699,-5.606807794104822,42.26241068931274
5840,-14.17226648306319,-5.7245351849914865,41.296901631995
5841,-12.094338714180026,-2.1717089256459414,41.02724194410962
5842,-13.221498009135583,-0.5726526947058923,40.21483439168419
5843,-13.785665753724576,3.7674449401466816,39.13393406148286
5844,-12.080355179615129,2.7513271076839745,33.61250243015035
5845,-11.522099835764305,3.456004399047429,32.33510365895493
5846,-10.73787227398477,4.288167305783316,30.176776621303887
5847,-9.68581598007052,4.427785812588938,29.821806662065327
5848,-8.474004238736617,4.48827185347928,28.791399209128745
5849,-6.278488559327302,4.520851574675821,27.44783161439732
5850,-5.0271238759566685,4.429656682419885,26.4350418091455
5851,-4.293456256721082,4.303126054285921,25.165285793438436
5852,-3.5614613644595794,4.097844259976097,23.806477008298295
5853,-3.320494348872087,3.94906398408995,23.26113677833057
5854,-3.0069291366814017,3.70226184604394,21.818927491852577
5855,-3.7443508224796815,3.2330227516027517,21.403965636443292
5856,-2.638456859811009,3.029390709899119,21.893249392285572
5857,-3.119311719334304,2.8690961317650068,20.978789348575802
5858,-2.834689505451943,2.6100519474315678,19.92212747181622
5859,-2.3027150885268073,2.86602834148319,18.540162435631867
5860,-1.4403239264752399,2.656134570755339,17.817026482243136
5861,-0.8431924669857069,2.5378043627136133,17.786772696294157
5862,-0.6853818241462286,2.4166528338518267,18.40033818081474
5863,-0.39983509797514627,2.3644584714169916,17.477055566464337
5864,0.1164435412961159,2.274957697782227,17.063197013644206
5865,0.4894093632279156,2.271909926366561,16.839821931569798
5866,0.6181648686816577,2.3028604463876814,16.240809762210073
5867,0.8028809626924447,2.350061181597175,15.830838361489898
5868,1.0012116160530105,2.532532330308054,15.425185132637662
5869,1.4494181020210453,2.734333032611693,15.069455443276912
5870,1.7061410019670045,3.028573817380417,14.427166179193899
5871,1.9291259257564035,3.5429551321198196,14.337693949525843
5872,2.358540568093064,3.78118811368598,14.031429495686226
5873,2.4371615625150516,4.357707605209077,13.752408832450513
5874,2.606855775262366,4.655139870019577,14.07847128867538
5875,2.3284111003047774,4.702085739514314,13.552588073604513
5876,2.797751348690504,4.913161085452548,13.350625766823697
5877,2.778966183632402,5.30295463641501,13.176750296778199
5878,3.1323494889737815,5.891244193288566,12.989806890385074
5879,3.2991853833133233,5.977164942435808,12.638881513696255
5880,3.666707219802251,6.558070112542566,12.609855374209758
5881,3.8409840679339973,7.336856295829929,12.80066715370677
5882,4.149414978166961,7.715814577587779,12.747478747651849
5883,4.6078528129018075,8.043403590219087,12.739148784295601
5884,4.408096079959807,8.755889792066746,12.737046369186764
5885,5.329942644947357,9.162473757424934,12.821317939736668
5886,5.602527081379218,9.611360167201443,13.04897618966669
5887,5.997900976534736,10.267877159490233,13.251675540456239
5888,7.071426035630702,12.05906987214757,13.536532885646562
5889,7.412083121497842,13.363736453398678,13.728300940908523
5890,8.010412285039441,13.9308356965342,14.032604247933568
5891,8.648574048755686,16.767739650354404,15.104315189888313
5892,10.482144441378663,17.707100414256256,16.51440850578617
5893,10.533843472341012,17.68831152244638,17.486210071512236
5894,11.288076203990164,18.83568723939757,21.525425268097575
5895,11.180384468155316,19.32127646496494,22.767457430197876
5896,12.130381278181762,19.590069533454066,24.18108464022614
5897,13.665665983825319,19.987271269985378,23.93950636051849
5898,14.443592051724087,20.176812730366795,27.797049586428393
5899,15.142722126479986,19.90590890689228,35.06554742963107
5900,16.495508564101282,18.613261000732635,36.22579409076573
5901,16.867482467618064,17.302785629157118,37.722364230354486
5902,16.99886802196769,15.744678461285647,39.98125482597738
5903,16.93280704856944,12.132665873931316,41.196430068851
5904,15.89258160088526,11.084179700253676,42.30768858390888
5905,15.470818195533996,13.034275648085123,42.78020372926115
5906,15.387950393860326,9.62032428962705,42.70089486746401
5907,14.802997031028648,7.080025259636113,42.98499970644646
5908,14.11070401052713,2.8171099318379653,42.779816146412834
5909,13.049087736592472,-0.22898459839084673,42.10668983617618
5910,12.136779562667293,-0.3597413696150897,41.2320224814815
5911,10.119160311006095,-3.8086025493435423,39.80583848688235
5912,7.743142224806151,-5.736578244170366,40.33052778415751
5913,6.991928112675802,-8.10737477281049,38.40180474875508
5914,4.576605292073862,-8.861195384890726,37.01207757738892
5915,3.7158696549906165,-8.860065063910502,35.528807807348755
5916,2.6783446289376904,-9.163408413275665,33.365674822393274
5917,2.0968319470779537,-9.244543399428755,32.27473136265958
5918,0.6029439951119133,-9.24314676053122,30.864515318389582
5919,-0.8830474935296879,-9.191829842652357,30.03962506097461
5920,-1.8437947660442924,-9.079190647691336,29.275455786867532
5921,-2.663702620800302,-8.900495598857836,29.041519374428596
5922,-3.3245872940241235,-8.98817493520695,28.211205422005627
5923,-2.577811317690451,-8.92149847698093,27.68633331936751
5924,-2.589574721377558,-8.793044337329034,27.16848174384914
5925,-2.5085814143119123,-8.70151511187225,27.528591464527082
5926,-1.8340470703520402,-8.599665917844932,26.329692921860495
5927,-2.4624329096231374,-8.564347450814786,26.128631384395337
5928,-2.951172116873821,-8.524390085631838,25.9140700343284
5929,-3.846428202029104,-8.482558908654704,25.38983884995059
5930,-4.2561723802454505,-8.515681119231754,25.04607652810454
5931,-4.78902008605511,-8.57080259911173,24.89263547252584
5932,-5.6377568324363825,-8.567653527479697,24.700166896899304
5933,-5.578098555530756,-8.615121577087463,24.48555540013695
5934,-5.89760295629136,-8.6411073823065,24.61521212770958
5935,-6.326752333498486,-8.62555626822744,24.520254190216637
5936,-6.904119996041739,-8.6978640988743,24.38767421499637
5937,-7.091145988633718,-9.147736488975063,24.341220671899254
5938,-7.28086186482741,-9.240421400662283,24.340621411873467
5939,-7.422396291750328,-9.346804725840526,24.378322519528925
5940,-7.925345670969975,-9.715754012765231,24.40984433509681
5941,-7.895547467110311,-10.003583288266622,24.54058396071131
5942,-8.234446425209102,-10.247188735490559,24.6790585873252
5943,-8.498933491668716,-10.213372945586341,24.97264008375854
5944,-8.580376672591594,-10.44101360324312,25.398140694623184
5945,-8.80819389441787,-10.464271902999556,25.7550769800645
5946,-8.973734180127293,-10.55737728228882,26.18651087251181
5947,-9.407803474426451,-10.614550488167339,26.422626321991245
5948,-9.64548770170432,-10.705081297387382,26.6121530169457
5949,-9.656046033976292,-10.848400108262439,27.12655860025117
5950,-9.40733629898344,-10.791282746603782,26.881712436540422
5951,-9.474895304260235,-10.788572455723545,27.277074825870912
5952,-9.530331153641564,-10.78874225731962,27.26828521407131
5953,-9.6576207691574,-10.713234205500203,27.76539183161533
5954,-9.65776102932997,-10.686840728448956,28.4921405098394
5955,-9.75193345245507,-10.554825878403388,28.23266856416316
5956,-9.637310122435078,-10.709611897652247,28.441716956519763
5957,-9.759513237468509,-10.512316328250984,28.207481781976025
5958,-9.700567887770575,-10.332406353959303,28.549598666730635
5959,-9.808838046305713,-10.212621685192556,28.768664725342703
5960,-10.007373189852135,-9.984794493912215,29.098675311397283
5961,-10.004800522971784,-9.748554239298146,29.282502004823463
5962,-9.981422979690974,-9.468249760520383,29.388998016502615
5963,-9.808265460726991,-8.962172831002883,29.482371076419565
5964,-9.754108240432373,-9.009816087728812,29.545194322250747
5965,-9.674346784628607,-8.849046335397022,29.617594449793476
5966,-9.609991114056665,-8.690505545329087,29.665273307936367
5967,-9.398489293805994,-8.161217084571453,29.685258674306294
5968,-9.442692480794822,-7.911186350556949,29.66764340346296
5969,-9.451287318704962,-7.459643574419587,29.620554807935797
5970,-9.06282304854382,-7.199448313124728,29.543076436456673
5971,-8.857506346142328,-6.181189631793889,29.553315068506873
5972,-8.734998741233486,-6.168200590385788,29.447238492844384
5973,-8.4802735514089,-6.015249184590262,29.25349474815225
5974,-8.104941953928826,-5.705710293521206,29.270973252237223
5975,-7.782137478357695,-5.663573518472512,28.47117429478043
5976,-7.612587466614879,-5.530612559306999,27.953018296155253
5977,-7.376890594444054,-5.409901781423151,28.016648399828547
5978,-6.974627226750367,-5.3433417649291615,27.63671019489073
5979,-6.876344536003211,-5.3005700911995355,27.38306294756504
5980,-6.772375517669559,-5.304911298912386,27.18066963799444
5981,-6.793753735138202,-5.308339637163331,27.942361530112663
5982,-6.7329047908606645,-5.290633392670256,27.547159346757994
5983,-6.583105692827282,-5.218343286014923,27.194839381126496
5984,-6.77484584918542,-5.219051283672652,26.772699009821217
5985,-6.473365237673861,-5.279936481169061,26.57314884693727
5986,-6.398336813970458,-5.317248427093209,25.99767156810982
5987,-6.391013017785424,-5.3797998486325875,25.01017939686957
5988,-6.304906949752588,-5.596809148848983,24.80701815223872
5989,-6.26082890788691,-5.801017238378738,25.54882007733625
5990,-6.215009290914159,-5.903778304098976,25.215085815648436
5991,-6.175611775167197,-5.985991557540488,24.991579952205267
5992,-6.164627932165582,-6.138815528980411,24.99450414597113
5993,-6.162719630001819,-6.2841969805273505,24.753964241361036
5994,-6.1657483284964405,-6.457830744525758,24.54787044415605
5995,-6.197550753026578,-6.654984800104213,24.23030598269057
5996,-6.239502695568951,-6.765061821539087,23.645210238097416
5997,-6.274130472580929,-7.026728518100818,23.483531053843457
5998,-6.348478559368929,-7.4989759879733136,23.38518672160502
5999,-6.349950721724912,-7.6855979099116585,23.267588256283638
6000,-6.52652421700053,-8.006038737801372,23.20068486317799
6001,-7.005294999352559,-8.194723517641307,23.003290826633044
6002,-7.108895609746445,-8.434823261518146,22.971864834234992
6003,-7.416298688841092,-8.939446840744434,22.967696024694792
6004,-7.7452624920266135,-9.177370417780486,23.022690112786638
6005,-7.908508265430712,-9.058372326255459,23.101020662374278
6006,-7.8986943041716895,-9.295402167676992,23.197095688517496
6007,-8.097296714583495,-9.351482235191913,23.39491988311296
6008,-8.258408228713517,-10.083057047704923,23.562753636277982
6009,-8.163688956197431,-10.380223441114792,24.06646746421312
6010,-8.08303610423852,-10.573689034601736,24.368418134631927
6011,-8.485052308098519,-10.751015364033885,24.641462340531685
6012,-8.728214679625443,-11.061024168463593,24.85250711108391
6013,-9.092120476435246,-11.282792543889194,25.11277150938664
6014,-9.337904474600764,-11.619231424628568,24.35615528303839
6015,-9.528866131252753,-11.77913195842549,25.229100826838742
6016,-10.042987632015882,-11.930010107823485,25.88829946479776
6017,-10.212626455499132,-12.034170519534552,26.18904656284424
6018,-10.320624914032551,-12.106188242788008,26.569059899068293
6019,-10.275713208293906,-12.128892338456557,26.809736269576128
6020,-10.446679133267027,-12.130687369233678,27.332570781827883
6021,-10.694293750675111,-12.089027237828974,28.848888787286807
6022,-10.892062644506666,-11.768324497331736,29.35138364433881
6023,-10.832304514587705,-11.32026564297178,29.921097486702074
6024,-10.865999354517573,-11.320466646800892,30.357596885464588
6025,-10.975668229865551,-10.873403023226908,30.77061465051522
6026,-10.961963068402618,-10.21571891059286,31.152646425809145
6027,-10.911536563314739,-9.85101740297277,31.650630839009146
6028,-10.736282633341988,-9.052583987579386,31.772456321264038
6029,-10.599501027275933,-9.05689883724406,31.89374096075521
6030,-10.559026348208713,-8.532008679247305,32.109406562238796
6031,-10.363398204819754,-8.065230989965814,32.1526247764995
6032,-10.078217224304264,-7.100580629343316,32.12277854051549
6033,-9.723865974562335,-6.59842703266001,32.07814745279519
6034,-9.277219279738755,-6.099649455694976,31.86410250692699
6035,-9.833385181512538,-5.5320955160506005,31.447459784716756
6036,-9.61682472457966,-4.616375137325887,31.171205257929763
6037,-10.553544466420977,-4.155981967009793,30.344252823179065
6038,-9.932120357532112,-3.9126652598198066,29.90422567555001
6039,-9.264349764231268,-3.6743205770227965,29.581054860708004
6040,-8.068329695297095,-3.36677020475904,29.326771250433364
6041,-7.898251564144532,-3.212846444662493,29.15150995913941
6042,-7.523401561507065,-3.0754980280816,28.79152021126515
6043,-6.617458732625296,-3.108646593027741,27.9299484702789
6044,-6.587487384036037,-3.088123797373656,27.514517737012618
6045,-6.108837188261232,-3.0873057741327803,27.270770995139355
6046,-5.821091739622217,-3.0689732063655577,26.994032247280234
6047,-5.538186541791616,-3.0938057175332108,25.8424805708774
6048,-5.241233879109437,-3.2845878202473187,25.849319755195623
6049,-5.09527846364619,-3.34424641195976,25.575808605882635
6050,-4.863466628492388,-3.3711469814663286,24.45513309022871
6051,-4.688202510258312,-3.463356164348129,23.78156478663704
6052,-4.569434487388356,-3.6281348749878273,23.313512220077207
6053,-4.410438313174524,-3.804141818993262,22.48793278241653
6054,-4.338437474847124,-3.8961308185482246,22.28961352409875
6055,-4.290494839605578,-4.043782666149746,22.593100841756865
6056,-4.260509587559909,-4.1222484231256455,22.101613566610848
6057,-4.223486672808752,-4.447780572548626,21.67263128047535
6058,-4.23532969321696,-4.775226342683955,20.824130637952873
6059,-4.255818363029121,-5.352511694254732,20.65465709055978
6060,-4.316050135176754,-5.53243959100957,20.23621523716102
6061,-4.403217793141526,-5.712130195022726,19.606035484539927
6062,-4.655910461891746,-6.329286602155562,19.38068675223102
6063,-4.939126584662858,-6.649191737768939,19.16036447811113
6064,-5.120804455099199,-6.056484507161719,19.182591207636165
6065,-5.191106240699361,-6.577408342278691,19.048888407591807
6066,-5.4290120198159375,-7.044444159351954,19.003799138235525
6067,-5.53177407172535,-7.702176387560146,18.61100336080529
6068,-5.731382695129595,-8.247218928997922,18.542303157096928
6069,-6.244649876518421,-8.7327127036223,18.535509221389198
6070,-6.37042693592407,-8.886075576699731,18.574809657945792
6071,-6.6956707124402595,-9.550409233871848,18.645516090958843
6072,-7.087811242399489,-10.388961415379024,18.79590216996141
6073,-7.429545027192181,-9.630205422751892,18.88035412299702
6074,-7.787118339771,-10.146153228377598,18.702562918683885
6075,-8.070347272137873,-11.113331931561596,18.873409161448464
6076,-8.06563533925484,-12.452791548474355,19.48901633479683
6077,-8.486212952040075,-12.989423826244613,20.326701296187
6078,-8.647485713660434,-13.404047926792796,20.391556642762634
6079,-8.228210596246763,-13.54295829669545,21.37408514290949
6080,-9.18381695780495,-13.347671159915507,22.065845069052326
6081,-9.681962649544177,-13.95833235251419,21.320909872046816
6082,-9.744425663584996,-14.710644724004814,21.59565232411329
6083,-9.910527152407347,-14.88055803038419,22.91562479326961
6084,-9.974271913822273,-14.816345222889751,24.02932807997642
6085,-10.39561878336595,-15.160459094719068,25.404247413826642
6086,-10.456694788190424,-15.324840671446736,26.203999255036504
6087,-11.031356580381653,-15.390086789432585,27.136451474606496
6088,-11.875538381292417,-15.31194556662827,28.347884338733657
6089,-12.39441491289085,-15.148501140903774,28.40814883386222
6090,-12.34295297818918,-15.01394903120447,27.617834966161894
6091,-12.69212929052117,-14.954428129883356,28.99449776051974
6092,-12.812619066777636,-14.899946513692854,30.453199310969453
6093,-12.973327353120014,-14.080181169477278,32.625807440235484
6094,-12.946314143738308,-11.818021190520355,33.51773545153586
6095,-12.827888482204662,-10.500443624526973,33.92006061623667
6096,-12.423809162485007,-10.70359904541739,34.21065410823426
6097,-12.277057998579835,-9.003955703369893,34.774135062031796
6098,-12.07692242290411,-8.235604727091033,34.75123433633874
6099,-11.581278620486591,-6.473890842608447,34.81378059746301
6100,-11.191355722464081,-5.350825866869853,34.56965832534584
6101,-10.610864242971633,-5.035007441419833,34.001758080639014
6102,-10.039834825855689,-5.083817441781049,33.353848501640755
6103,-9.540251575899864,-4.555437115768402,33.061231167399335
6104,-8.43705256180905,-3.926195577416201,32.363680333355724
6105,-7.938468804481722,-3.5526135041369136,31.139862645199678
6106,-7.935218423456766,-3.2873450570477014,30.246447612344873
6107,-8.041172819062638,-3.08766217168916,29.87977312764858
6108,-7.637939833703773,-2.8924523899724925,28.771103922477707
6109,-7.295756622697882,-2.8243988756658704,28.25593233311185
6110,-6.9470045430805385,-2.802433378195143,27.659509042048242
6111,-6.051570307511623,-2.7932227389115614,27.680735993252554
6112,-5.557954112230453,-2.7846049265082247,26.861785630398483
6113,-5.114756006264451,-2.8793582416211705,26.912476978171874
6114,-4.782964783052652,-2.9380018933294694,26.697701123189294
6115,-4.751166451548252,-2.9727571081465025,25.678422718724264
6116,-4.477890982813049,-3.12374833114206,24.771376618526595
6117,-4.323748765957007,-2.982251983027866,24.270724725529284
6118,-4.175125451939634,-2.836052968491048,23.71302125232011
6119,-3.894823467211925,-2.6929435897940417,23.528897568136433
6120,-3.762878934730329,-2.7185471151299163,22.926081622478765
6121,-3.577643040686838,-2.866980053464837,22.116438055950443
6122,-3.457125524504712,-2.874614753098937,21.631445424486085
6123,-3.4181396477455834,-2.905343716437758,20.72428568222477
6124,-3.40446687083478,-3.4541382170720722,20.50003866486498
6125,-3.410345758411705,-3.864907107687478,20.8605969332146
6126,-3.43508560832324,-3.405911553411352,20.691981750143302
6127,-3.4286774301709735,-2.933608519202604,20.12515475487637
6128,-3.4332442927863966,-3.4461682669928733,20.01715954935621
6129,-3.4310450189062,-3.5548436511655894,19.479926209442294
6130,-3.4332335386889916,-3.859311356167785,19.12191414812582
6131,-3.530015385646187,-4.491992359730888,18.537706757017062
6132,-3.5030920258660627,-4.891638540351549,17.69440861931048
6133,-3.622136349744289,-5.1040425310396245,17.511604285707147
6134,-3.550325027464813,-5.285260155264789,17.334439454675834
6135,-3.4481543398494336,-5.4604208840011275,18.05969001156335
6136,-3.73122369088562,-5.91098326706359,17.766739769932737
6137,-4.238293864381644,-7.178086766412016,17.377999750055032
6138,-4.579367182690194,-7.250234416096955,17.217407065003037
6139,-4.815411330252517,-7.797030051557757,16.953283839634615
6140,-4.9693131664977885,-7.991313917330994,16.87553227980361
6141,-5.095164431264207,-8.353269652733012,16.814618563247006
6142,-4.746566373868966,-8.907447132275376,16.800575011422037
6143,-5.1354068419572005,-9.462744769851964,16.773789331126967
6144,-5.562856394455474,-10.373907059704893,16.796291837008688
6145,-5.422024603672708,-11.361764858548582,16.91527454046606
6146,-6.3858251854371915,-11.744082854219396,16.993664241521646
6147,-5.283438865970858,-11.219039199284946,17.249863155542947
6148,-6.327302076990746,-12.316527085378365,17.50055760857684
6149,-6.853531518878285,-13.074764860665493,17.66555953901908
6150,-7.347730464749758,-13.437586390778845,17.98644413539343
6151,-8.047103244710224,-13.905439051113376,19.366713111771254
6152,-9.111373640825512,-14.527860362635284,20.321507933144193
6153,-9.720057494592057,-15.070350401985689,21.361614365063307
6154,-8.836772411504946,-16.409120761198437,22.116001807586905
6155,-9.930650397246565,-16.795029445728286,23.064133466194303
6156,-10.574515833311018,-17.629447712464035,24.426628255565323
6157,-11.2829119256992,-17.944668847897255,25.7845634530327
6158,-11.556639964374648,-17.942980492945317,25.12946204019772
6159,-12.788733811818407,-18.145322351447355,26.6280216864807
6160,-11.968438817205271,-18.147067265390866,30.22581804656032
6161,-13.316323244889569,-18.648440373063362,30.08765812305269
6162,-13.664259735690655,-18.063881696971027,33.51116892979748
6163,-13.276932123728734,-17.608330045528866,37.53589470769067
6164,-15.405659081490137,-17.180094273179623,41.32383479794804
6165,-15.601072772969127,-14.742358366933244,42.94032052217307
6166,-15.561450483749288,-12.436497643777336,43.98933914442768
6167,-14.776158336985125,-11.964319862020993,45.00145138910095
6168,-14.97044225709696,-12.034937566309596,45.39121924778765
6169,-14.406003623062132,-10.988694582027932,46.037747682859894
6170,-14.05690265279778,-7.999670519661633,46.98043350777497
6171,-12.100767381834615,-7.537615097359514,46.62821177207102
6172,-11.840649936676053,-5.673153312808889,47.100843736600915
6173,-11.395875716946438,-3.241712930644612,47.60178030554328
6174,-10.217137130032347,-2.7173259683740225,46.46682672741194
6175,-10.27325672667541,2.515993330784805,44.344447767126375
6176,-9.213454061363567,3.027730742076178,42.96610232634829
6177,-7.106352796875201,4.712987589564722,44.00538961063033
6178,-3.8992335922419614,5.590586671656266,42.4481010507815
6179,-3.040922807796801,6.2600814548144115,41.056462680036915
6180,-3.4847662129496486,6.68577212174863,39.504996809076125
6181,-1.9554590168641495,7.228618559186422,38.136375912621915
6182,-0.7601214177395259,7.459531850320435,37.881957022566326
6183,1.0398962739342177,7.460251222875271,37.599801572128655
6184,1.863901395974338,7.237188066170087,36.12183893860233
6185,2.296614825184887,7.132462245503835,35.071082916713465
6186,3.170131125911112,7.032495258907451,33.974612722565126
6187,3.460995105770675,6.821703640532344,34.59008992546999
6188,3.74440035283832,6.682216817404745,34.109693879857275
6189,4.339373336867132,6.032263101238412,33.51330693972086
6190,4.666273824426736,5.2232428817350804,32.74516063578224
6191,4.7285355736892,5.003699712904498,32.200065580568996
6192,4.7657189174513395,4.8395727553820915,31.77429543546187
6193,4.7722420341778,4.515038280350711,30.921374283550705
6194,4.754584271995443,4.301297422671315,31.00836327614313
6195,4.683331155215696,4.118888733529297,30.096159347300155
6196,4.643174466291821,4.00932755030975,29.548858728822182
6197,4.624902097536776,3.8340614502383192,28.874790678459526
6198,4.478402230078051,3.7754986583824572,28.059904553645122
6199,4.320274477982733,3.69565819295372,27.34866639653868
6200,4.2398546754975355,3.688332953889904,26.87819375775212
6201,4.175832438494884,3.7004483492872047,25.99719511343421
6202,4.138092004542572,3.758432767273895,24.967810434051664
6203,4.174929671226138,3.7921376204755415,24.22635596391097
6204,4.112631317584486,3.90059616591552,23.89661165827462
6205,4.089430584018013,4.021478995427507,24.107945257605312
6206,4.0804389425934,4.13620873232213,23.334915065872085
6207,4.087361962905176,4.1948784554725895,22.874953181024352
6208,4.106366432099269,4.422798112521056,22.323335216434604
6209,4.1253610880513,4.558423379767837,21.894960427251206
6210,4.177599563406626,4.716269270994718,20.90309011077506
6211,4.320133859022788,4.8308959175649795,20.385814481660372
6212,4.3409322115254145,5.089507080539214,20.18536146649288
6213,4.395154787944177,5.459579905317984,20.348673665233722
6214,4.352637828705367,5.866026556602167,20.03780600773728
6215,4.425628468493705,6.3026675019917064,20.085971027482636
6216,4.669099851638129,6.548624299046795,19.823137471262086
6217,4.806235908223443,6.967099557743563,19.68480680853404
6218,4.877269873646569,7.2524498093410665,19.631594081204717
6219,5.18019216591014,7.612306392495158,19.45338508704245
6220,6.137946895832655,8.275995346658506,19.234774966512195
6221,6.604297537824728,8.785531202175386,19.225184163050738
6222,6.794885977043144,8.127193492100705,19.34094145297687
6223,6.948745610882048,8.278580813855767,19.412839706203222
6224,7.122792911199637,9.120542099563973,19.51312562617298
6225,7.443890153955715,9.984960664020562,19.77271284198159
6226,7.977840191345689,10.732846646702468,20.12423180477383
6227,7.845298098059402,12.330558399097194,20.128232272346548
6228,8.174674252965929,12.567151990898704,20.53185989089909
6229,8.25769157298261,12.728778099115031,20.345169270931315
6230,8.87390972443904,13.138251323411163,20.88190366190159
6231,9.631095968681647,11.799404069906275,21.296553932856465
6232,9.627065327479114,11.716687831367473,21.55932587233573
6233,9.760897184595402,11.705786771313331,21.63318719849322
6234,9.801883050072512,12.126466929302977,22.441808242710927
6235,9.919476402630712,12.40676569428739,23.096144060187186
6236,10.131629079706338,12.854337258277104,23.58951294766516
6237,10.260368331875254,12.90340195295253,23.77738835078624
6238,10.592312129629253,13.096181110965386,24.087007306620702
6239,10.929244229839323,13.353602049056748,24.658958098166675
6240,11.164023027469359,13.437131113168796,24.98381348326073
6241,11.559986078501812,13.751360176665404,25.0412414306763
6242,12.006999340839979,13.912486699650124,26.133705953545185
6243,12.271619432904439,14.019823433500452,26.84552276644885
6244,12.358918521536792,14.022855700845192,27.046112034369116
6245,12.577747887530046,13.999975020008483,28.869353665388577
6246,12.742021846041423,13.766747590423194,30.86294833502887
6247,12.886626128685734,13.238178729265725,31.533327443722854
6248,12.91266957169517,12.627852115952216,32.78016564050593
6249,12.868503281616787,11.53781722474308,33.153817813833975
6250,12.795584305609033,10.698723108738028,34.473163794219126
6251,12.589346019191723,8.634854611357046,34.969721352698464
6252,11.852948128244176,8.455746769896477,35.073637046961124
6253,11.60186551791744,8.206160262131451,35.26035847276301
6254,11.221556283072085,8.223285117462288,35.27047367060087
6255,10.892113674205602,7.705511817642745,35.234771830131514
6256,10.643293882763926,7.0796041196581365,35.159121062308586
6257,10.319781333500062,5.6008645283639265,34.95786898885389
6258,10.364032285672826,4.920991573145315,34.403171190405175
6259,10.042589017276642,3.5248025034908266,33.58750392776501
6260,8.220034578863096,2.725639199765012,32.919973919795986
6261,7.920195352409424,2.6066411916351404,31.136119663118034
6262,7.337008683933673,1.9301802751655115,29.663070697669152
6263,7.055368251281287,1.9835026687484334,29.39577553678908
6264,6.905017302309588,1.7325025719199636,29.19232427814817
6265,6.122962744747286,1.643482141053139,28.6166543839718
6266,5.296223831187992,1.6017668567454753,28.064056144457172
6267,5.913802742647973,1.6077745357418154,28.106609048129418
6268,5.667303850368951,1.6072116228987328,28.352419278975077
6269,5.135178664864557,1.5754593475953005,27.8476893669298
6270,4.761922152798964,1.5735394649316756,28.51631165313347
6271,4.422305463676398,1.5011055070367023,28.212969702115807
6272,4.545415271615738,1.4669589481149623,26.830151100238826
6273,4.3994529026019285,1.520242954994217,27.866365298279327
6274,4.08294250058972,1.5192108811719116,27.328612084388677
6275,3.7598640320703356,1.5595066574957828,25.87104764449314
6276,3.344614152053278,1.6932160482086398,24.877689731193158
6277,2.990987371148997,1.7902885358743665,24.124238574203122
6278,2.866010878296224,2.0216794457095157,23.458404302604336
6279,2.783535359685847,2.1284854749116167,22.68572540394297
6280,2.7600832015145076,2.197609788510249,22.13999566748224
6281,2.738769734593675,2.3292601614552106,21.98081470443807
6282,2.6208648213241466,2.389131175322612,22.098478956115727
6283,2.5939219208014124,2.474161618095686,21.64137968581806
6284,2.5884226011893614,2.5528924566319238,20.808342245112193
6285,2.5822242731555654,2.739733380924582,20.961216179402353
6286,2.6012431287285254,3.013941392283774,20.391498968625893
6287,2.690979459331344,3.2892335296998985,20.283032657412885
6288,2.812528819634756,3.4955306843528193,19.662253095538897
6289,2.9967606699611635,3.511979577843139,19.15826293722811
6290,3.0385450021755274,4.377687335695305,18.805823200936103
6291,3.175848335959219,4.7607831690738065,18.44465133767985
6292,3.2720081087464825,4.983167610350997,18.15645067707456
6293,3.832393145241408,5.071757779019316,17.47476324541641
6294,3.8558982945540743,5.286746901404851,17.22703324158705
6295,4.088264795387273,5.701292296126333,16.72410580823047
6296,4.3735795571807925,6.563455458352401,16.61270595696901
6297,4.549298639155835,6.688577989731832,16.204815020696703
6298,4.74106867328006,6.991508349798488,16.251957685216116
6299,5.0237113810058185,7.425564772963584,16.08482178343917
6300,5.213867645986953,8.443795787318583,16.046803322855784
6301,5.670873285973072,8.959826426565577,16.057713468301678
6302,5.76742912669866,8.790055108539732,16.254785118223502
6303,6.597408400782701,9.56566758521391,16.510055465319244
6304,6.605892779905104,10.53168940741902,16.668673723376394
6305,7.102031566861012,10.298210495813738,17.096611911279485
6306,7.214199255377958,10.96338810432998,16.991142419607364
6307,7.809324970457621,10.942165275910586,16.954164520558376
6308,8.252765326358945,11.765090612534632,17.847357260798493
6309,8.708471216939891,12.725534859686912,20.146756326546814
6310,9.230661337466797,13.321048499841922,20.709199191447
6311,9.587453311232181,13.956865785617154,21.286303545776246
6312,9.974899109141493,14.394574735580402,21.203979027542825
6313,10.363757551545373,14.790437664715315,21.139374531410926
6314,11.24587530530546,15.894174742760676,23.048595115764055
6315,11.757774953489761,15.708413858181796,23.0380749250843
6316,12.168324163394361,15.75712441220886,24.39556257336506
6317,12.908531184945634,15.973801218684548,26.44127863234789
6318,12.891875801367746,16.053142581294924,30.831694002383298
6319,13.162120403703266,15.576807757550968,32.790680205300205
6320,13.396949398920029,14.537095985127786,35.589050119915875
6321,13.59283862435677,15.180581504064946,36.75096994017767
6322,13.711064718991397,14.091472297303298,34.292197111457064
6323,13.747100782692344,12.967683929309425,35.676744472691624
6324,13.685530173651857,11.587108850001812,36.75413253581145
6325,13.51947208906126,9.704907573968832,36.6968785176721
6326,13.01673056929515,8.819800466657707,37.09068801232609
6327,12.28867422205129,7.4670269469826795,37.276229232061574
6328,11.079967343559328,5.866957793049487,37.21986616998206
6329,10.549264633578114,4.586085983203773,37.11221134511082
6330,10.167468314000882,3.4609104048021546,36.779040421798854
6331,8.574338173846368,1.0323611245416564,35.995293330559754
6332,7.768477568264072,0.5691769002283537,34.9719915314013
6333,6.925384151998875,0.4961662392170757,33.89969483474989
6334,6.282232052702045,0.2623705423681888,32.934284327878984
6335,5.404171128307737,-0.046686821584731475,32.47515856372392
6336,4.929010484705483,-0.4100329465700903,31.515369618908917
6337,4.376886100134401,-0.7340817290603696,31.000646079609098
6338,3.882402350659897,-0.8525633241264221,29.31857368416264
6339,3.2922425040170022,-0.8858448687149814,28.55296190402108
6340,2.5836177659406565,-0.8915493078609722,27.935941889006884
6341,2.114798011931968,-0.8774932067905413,27.25854219028201
6342,1.6837735410016208,-0.8623450461341539,26.55182082678655
6343,1.3854476733173415,-0.8150010631694923,26.21544657412463
6344,1.457730810293418,-0.7810471075071121,25.642978822813614
6345,1.123003233024107,-0.7229694710955372,24.59203496390564
6346,0.8509394731371611,-0.6899496506740901,24.34600649519045
6347,0.33328733765900453,-0.629031676282816,23.68843796517765
6348,0.15298489791606731,-0.6085302021273327,23.026890742485463
6349,0.09478554869058839,-0.596385956636133,21.09550780848692
6350,-0.012714109914653993,-0.5830637730781385,20.63574067997706
6351,-0.08498366963840415,-0.5829700712992057,20.96108241612789
6352,0.0505072438929465,-0.5830848289684605,20.345428461344586
6353,-0.014341671077960652,-0.5823768674326606,19.744450087885888
6354,-0.0874816177083162,-0.5805748212682424,18.52281610031105
6355,-0.13875483572350025,-0.5827715564033915,18.798322841180006
6356,-0.15649791778437708,-0.5842816686856774,17.96475486333226
6357,-0.20229435625928904,-0.5789593741340573,17.38617826276883
6358,-0.23552357543236527,-0.5958710510054073,17.006602079201954
6359,-0.2887951649450567,-0.6148088466046681,16.708652651851928
6360,-0.3182905128038473,-0.6229618714618183,15.988639085740392
6361,-0.34934048238488874,-0.6422377769424644,15.381285581476085
6362,-0.3780411087840385,-0.7092613894633586,14.77981344684503
6363,-0.4375072801622704,-0.7265001986114594,14.676437163670201
6364,-0.4343875543342569,-0.7931610831500303,14.434769422501814
6365,-0.43362722615296473,-0.8524018081128962,14.247640209880887
6366,-0.5182748631099919,-0.8792169178776321,14.018720235900302
6367,-0.5673066520419621,-0.9556862783955469,13.75139206202267
6368,-0.5989712246623806,-1.0615869832795075,13.525734293287751
6369,-0.6581914106918723,-1.1415014800179357,12.994979499557987
6370,-0.6872763965946028,-1.3794034065007763,12.65261097350792
6371,-0.7041244195144712,-1.3851554731042797,12.527154163742967
6372,-0.8024423127335711,-1.4635423601386384,12.168998224879193
6373,-0.8781836092554328,-1.6335120308092146,11.683677226561317
6374,-0.9934954628622061,-1.5664577375383308,11.283824397531912
6375,-1.0709987686656233,-1.711150927879922,10.87929943067342
6376,-0.9466919577416966,-1.9367206544538347,10.552473698778666
6377,-0.9905071377379593,-2.0822831549341165,10.844899634659534
6378,-1.0531104646783311,-2.240706569241224,10.694676407729691
6379,-1.0815022465346302,-2.4563243347545805,10.478351911864461
6380,-1.2292453271823294,-2.6140591044915276,10.022139665211087
6381,-1.3219998696337238,-2.8089855053958472,9.81511495076352
6382,-1.502837988108286,-2.86252528339559,9.704327194329352
6383,-1.6010697463011854,-3.1178007139689834,9.354881367857379
6384,-1.7674247144196633,-3.4762755829153447,9.265108988310464
6385,-1.8121099045385411,-3.2541102095516106,8.908209878515445
6386,-1.8503863801311555,-3.4467711867409596,8.966532904036479
6387,-1.9698322194338835,-4.49681853693235,8.89776966577262
6388,-2.767981709947853,-4.864201098702018,8.7255949787642
6389,-3.1610656047607346,-5.251386799844265,8.646984319471311
6390,-2.9572221794829763,-6.128222312618683,8.526773527518598
6391,-3.043706417130058,-6.887899760219989,8.485520209407062
6392,-3.0603925752273273,-7.2101272174287105,8.498533263601198
6393,-3.5518335153576044,-8.047825198440007,8.49610145885087
6394,-3.687345732867566,-8.581936758443709,8.519125830208042
6395,-4.379215034902638,-9.091336086539568,8.625202246189245
6396,-5.017854084191278,-10.051076710247923,8.729972439674436
6397,-5.4068083360974155,-11.019511069400606,9.038630496948997
6398,-6.525161678298872,-12.323438469082099,9.372942499834217
6399,-7.258939361377526,-13.914965963156968,10.145437795997811
6400,-7.554445525431171,-15.598815729231756,11.461775280064838
6401,-7.002669025942868,-17.37005696348269,12.369505264292723
6402,-6.890949208289336,-20.173064732928722,13.193586758584235
6403,-8.16921839853122,-20.449091202402244,13.996891468640444
6404,-8.939652719447707,-21.140592135478496,15.094778172078513
6405,-10.21695061560213,-22.685254092135754,15.920624112172039
6406,-11.379217297685381,-24.12887127141605,18.57986344380938
6407,-11.770692877582576,-26.09684083237464,24.018168738141433
6408,-12.29812002974364,-26.319801093962155,29.176582227019292
6409,-14.132269926830554,-25.84954857944471,31.307731644324445
6410,-15.794110631951447,-24.66684261482974,33.96952144740064
6411,-17.28168055250022,-23.22694283733036,35.29729366493226
6412,-18.420112349201545,-21.384017824392224,36.36564298751228
6413,-18.451117403862373,-20.528243681743106,38.70173535566409
6414,-18.598332394232756,-19.521724314388393,40.70766549729151
6415,-18.673702981424405,-22.140231210399026,41.14429543232909
6416,-19.110691887998616,-19.283535097078435,46.78558006889218
6417,-19.17213481433218,-15.70347728408102,50.976085205222944
6418,-18.64753511985826,-11.637130934292498,54.3776981981185
6419,-18.025375598132303,-5.602139406743433,55.769202131113246
6420,-15.181792459934421,-2.9512759698659035,55.31162605017792
6421,-12.777366659532653,1.1500837922468699,54.64006806516992
6422,-10.914188738728031,6.508771880738978,53.404278490708
6423,-10.3424830650688,9.050384970576454,50.384928117027805
6424,-6.340233808089962,12.238928965858708,48.89886815350745
6425,0.12693037680399488,13.09617292907268,46.58830695997871
6426,2.174052819045391,13.089612525201115,45.65565443102765
6427,4.321695001309734,12.542794671184812,43.90474174554174
6428,3.8187899957833604,11.750729036522324,44.184468279170595
6429,4.293445020576455,10.013351117056136,43.42258864893271
6430,4.928222542938621,9.150310119066267,42.73059715095105
6431,4.664914141376206,6.59490846892921,42.72821419872133
6432,4.956424042995426,4.371935961279029,42.15906339981022
6433,4.9601615698461465,3.6141039422684114,41.614237200510225
6434,4.899908141773268,2.7923273147422067,39.83064781906789
6435,4.888326898774988,2.8554744323366394,38.97435053853622
6436,4.706201004614451,2.2536288135016576,38.136046994675475
6437,4.372762736346215,1.0929823738841251,36.70012495519009
6438,4.126118317095971,0.2985592361390713,35.15449105092191
6439,3.3175614328321235,0.3628435966203717,33.84020632968988
6440,3.142241666458199,0.22858062050805614,32.59368910809751
6441,2.741136291468308,0.0844326893551342,31.96007641458549
6442,2.263087789319938,-0.024340347766987666,31.245126700156217
6443,2.088356478033509,-0.08765553685192086,31.288570877612308
6444,1.9365830136130773,-0.2016312445110606,30.638143737254772
6445,1.8040920197595547,-0.27689447873405987,29.51002620282158
6446,1.4874366873970348,-0.29852967714161194,28.749387081148615
6447,1.3618411872239657,-0.3064316965952479,26.938053918632225
6448,1.2102059622444363,-0.28076729114689164,25.673528581974054
6449,1.288465716989553,-0.2526629748793313,25.470581201298902
6450,1.1877882947551872,-0.21954057648781855,24.457292770208586
6451,1.1046647600132222,-0.14115960469644973,23.762602052006187
6452,0.9254280684232256,0.08539329234015292,23.049547900770687
6453,0.9878055866581621,0.13081768036014488,23.134213157486062
6454,0.8549274073057407,0.09640606272312438,22.482764161095997
6455,0.7857520495705212,0.18345525180363997,21.40291672235738
6456,0.7376199834766876,0.2576042493806985,20.477043768311685
6457,0.6280387786805528,0.29183329219808013,20.051119106886
6458,0.6411032548618913,0.33345008389537323,19.526159836228636
6459,0.6256516268257204,0.4295229527374051,19.902912991467787
6460,0.6066902207828595,0.3861955290772807,19.67662885302205
6461,0.5940012909932197,0.40254961441652926,18.987386859535338
6462,0.5712929305180241,0.4107725738373914,17.77725239223996
6463,0.5787065829669704,0.5342361392567619,17.42648145028121
6464,0.5755835473849414,0.6592366923039099,18.300281083916225
6465,0.5719796035515907,0.7330301666213164,17.843935507333676
6466,0.5916526689492373,0.7547174356287641,17.431994646937774
6467,0.6230242393788207,0.7818836545568739,16.218214761248156
6468,0.6473617266587804,0.8723036015660101,15.841977882789777
6469,0.6656724411546886,0.9359757900254538,15.199881732200943
6470,0.7053157719898945,1.0304221656961,14.535285846087215
6471,0.7914379267013715,1.1254091633504792,14.221271719726483
6472,0.823844302006998,1.211617232904154,13.716987364871754
6473,0.8640614976609684,1.3131070600473982,13.396958899548522
6474,0.9378966531553373,1.3374456852707668,12.799701484839709
6475,1.0101714221698024,1.5595170599137673,12.370103629611986
6476,1.0522532352515235,1.7666693781549425,11.962307095753996
6477,1.1891024596159019,1.92767531643055,11.980436638622951
6478,1.241091861362986,2.1109046608209843,11.568270115859209
6479,1.3327655958549935,2.412928577569411,11.256608585534211
6480,1.4598435400359557,2.493483451409845,11.095826098957724
6481,1.4882596556705168,2.4403029543507495,11.574697957136328
6482,1.342630055686081,3.144903109787416,11.285627521429193
6483,1.6170925876469906,3.4097331704494462,10.516397065830443
6484,1.7343569879763236,3.3707462953536855,10.558553331816087
6485,1.8024718081279192,3.616721871154306,10.109819936328341
6486,1.9414549494131639,3.977705004142091,10.198435275527329
6487,2.1572527637395282,3.6849026999777936,9.863261529268101
6488,2.2094586118582735,4.67527118714593,9.545879948636225
6489,2.5756287501775454,5.326059499877164,9.608520599419649
6490,3.1886388031746242,5.384202423031426,9.45802741646807
6491,3.4068423333633313,6.006515537205177,9.279867719209992
6492,3.7754146140483065,7.090113307857652,9.199286207127033
6493,4.4488361258878655,7.935090491211507,9.24917436318061
6494,4.586256272749411,8.435752655697783,9.403913290203473
6495,5.09996201520015,9.196197674951419,9.603592952410866
6496,5.624706633804892,10.715301025251854,9.905528871219731
6497,5.522282042907038,12.533920949952373,10.482086574177016
6498,6.531006650005001,13.515338247913157,10.819948333289474
6499,7.224571969044361,14.80431340098859,10.742685643915397
6500,7.873617557570262,15.97271844877707,11.33374657944195
6501,8.842682665745166,16.65657069466824,12.785463198906713
6502,9.576529107763676,17.615231255414756,12.986303152623409
6503,10.690679506327376,18.18335692196201,15.596666786758206
6504,10.778394663752472,16.931636011720343,17.66170513726579
6505,10.786665067726279,18.531081147206667,18.86960681603826
6506,11.7231079444818,19.071417144822504,20.790092486533112
6507,12.555126277494004,21.155188608685783,18.889736303153768
6508,13.373662568739409,21.99943332748861,23.055219540915196
6509,14.981232996374208,21.88251963629415,25.705413685033953
6510,15.937288318349587,22.139443814211063,25.94289242539926
6511,17.400221812986775,22.23014165708818,25.585956010789523
6512,18.428345150324834,22.563440939338598,27.628253888003986
6513,18.683276500557955,22.348885462441157,28.942364958964234
6514,19.23596035951759,21.79123762431182,32.866585601325596
6515,19.5340086788125,20.2218068637698,40.9386597256745
6516,19.598593410595363,15.733887473600035,42.77263351791162
6517,18.843786039690233,12.87227012074504,42.262803278422794
6518,18.3770784113446,-1.8942866958198454,43.730512555971295
6519,17.672616141138786,-4.986933320385891,42.63589727269391
6520,16.039167626513866,-8.701796220901022,40.895196400258214
6521,10.649440926277821,-10.945479098063021,39.442011979911314
6522,9.759415228117488,-14.110189264435174,37.40886165821726
6523,10.969484046857492,-14.503197113613062,32.48410016245927
6524,8.246580046452554,-14.979568958622933,31.17799837599296
6525,7.207343609829602,-15.164019180692241,26.123479958842914
6526,3.4730552449076484,-15.01243123532474,26.578545764006137
6527,2.1624885981893502,-14.625818003697649,25.579282084421198
6528,0.5638021207570432,-14.481575902260742,26.7761173512276
6529,1.5987184138540946,-14.398965494038269,24.660348280378194
6530,-0.576757044459421,-14.31900317108455,24.36108364031335
6531,-2.1844388490370186,-14.266554287104551,24.16449163978988
6532,-3.2648495459163622,-14.267348360257804,23.913110455174298
6533,-4.540542535217609,-14.260639185107866,23.80675478384404
6534,-5.604358992332887,-14.395397196907913,23.81669961846614
6535,-7.823001324154411,-14.443851973035319,23.66508525227786
6536,-9.098433554962288,-14.186540633524345,23.955516319565344
6537,-10.17699192199243,-14.376083076303239,24.769003749112933
6538,-10.631912713539757,-14.758189258299511,26.921392017871455
6539,-11.20161197589318,-14.786219726120114,28.014329667738735
6540,-11.005439872437158,-14.641502253397743,28.640308864060994
6541,-11.509057518951915,-14.393897422328179,29.688083285669467
6542,-12.481438394522755,-13.851936860025999,30.424223864218725
6543,-12.283794553863835,-12.973565886979914,31.016215345110027
6544,-12.405061570231537,-12.32068932658692,31.425530279888903
6545,-12.390047039140953,-11.476543166777684,32.24630623344997
6546,-12.30396357243961,-10.478251566585367,32.566557367685505
6547,-12.02381200839384,-9.8384589577406,32.90670243791937
6548,-11.683955892518535,-8.380924238626873,33.545805566588506
6549,-11.121252268888721,-7.12731346920465,33.618982996919705
6550,-10.642460957819553,-5.588133103690651,33.44386141170612
6551,-10.152924923253712,-4.988466584788931,32.846580130725144
6552,-9.766106470371689,-4.390805692435943,32.49660872443235
6553,-9.001441783055961,-4.212514486552483,31.043222790000367
6554,-8.383395006149245,-3.82573178095493,30.269002603395304
6555,-8.011148981140103,-3.453232834402422,29.749996400433062
6556,-7.672687770945801,-3.3164452316255266,29.03997256446377
6557,-7.007100640538711,-3.0719711275673327,27.578172585814308
6558,-6.497911750979094,-3.069937967842884,27.031644347711744
6559,-5.796013191026147,-3.1008011040174397,27.287582338104425
6560,-5.547778566604693,-3.100858506595984,26.848596432668273
6561,-5.284047486067378,-3.0949322741962937,25.870890211826723
6562,-5.6662236630553995,-3.166743816645466,25.66084160687733
6563,-5.536757533477026,-3.269363924128906,24.963336978318576
6564,-5.331981603473289,-3.4170556148500184,24.46905182641947
6565,-5.072141262553297,-3.7540338643189752,24.104478598096627
6566,-4.982429012119507,-3.8777401384883334,23.490658109480595
6567,-4.851200491807325,-4.064055638749315,22.942742640671543
6568,-4.905026202249539,-4.2120283061382455,22.447142701248307
6569,-4.882141347492195,-4.458280419638923,21.982382174874587
6570,-4.808897202619885,-4.961355730781801,21.606372865764097
6571,-4.834917924411928,-5.269970211755315,20.82182347159391
6572,-4.885457502790684,-5.601771816743671,20.445521548190133
6573,-5.023982317756218,-6.134334300123422,20.25685836020009
6574,-5.062884244162799,-6.347182922950393,20.039293785425762
6575,-4.891872015278641,-7.013869134038653,20.118046526840708
6576,-5.281199181324414,-7.102331542161336,19.7808219396941
6577,-5.438926598357799,-7.472447281065594,19.58988926262428
6578,-5.6424895834439655,-7.762371205671611,19.45193370397065
6579,-5.569156011792943,-8.063169377228698,19.48820584442506
6580,-6.083172433852107,-8.598046702427077,19.39569365581167
6581,-6.34950631059014,-9.51396767782268,19.400202651794398
6582,-6.33086369131535,-9.703886523074816,19.506922583880662
6583,-6.441367334034396,-10.153059066949389,19.69504949034843
6584,-6.744288013827041,-11.13504343322254,19.767632665968364
6585,-7.314292184900278,-11.4798530401149,20.244345703449838
6586,-7.922612171305179,-11.911375355030206,20.57492224862836
6587,-8.483601950805458,-12.007605328836862,20.953840482692957
6588,-9.23169982607334,-12.43915205577436,21.69165413980666
6589,-9.785811122639418,-12.897111858648644,22.272855084442984
6590,-10.08134672751399,-13.057928134911064,23.365535499683713
6591,-10.423333280590631,-13.401170795627296,24.25817023144319
6592,-10.719954302029457,-13.637254624284523,25.07347937608276
6593,-11.103212583963657,-13.69210409346953,25.80694828738209
6594,-11.308182849105268,-13.753617695573455,27.362751930587585
6595,-11.683387296461806,-13.728199791169507,28.446411483747454
6596,-11.825040362175974,-13.309302352578339,30.53712124063007
6597,-12.03173032816333,-12.971975805253566,31.34465024292344
6598,-12.056871794534151,-12.403750574103894,32.15149949161976
6599,-12.083832591958672,-11.133519305419249,32.93008874481746
6600,-12.05103525299077,-10.069891146825512,33.80463495154885
6601,-11.760836940394,-8.772682111928024,34.53845314695808
6602,-12.105482662568251,-7.651350026865766,34.55570850333945
6603,-11.857794118590471,-7.827326265862048,34.55879808887847
6604,-11.525058733586679,-7.35076822798085,34.57467775784835
6605,-11.220206309756621,-7.3600430680537,34.55659672790479
6606,-10.691480517530048,-6.012205615235176,34.5944941383338
6607,-10.083281034753956,-5.099717395206528,33.99962480754367
6608,-9.299299218429429,-3.715462292661143,33.735104138593194
6609,-9.154300557211256,-3.0182249876259997,32.639752940902376
6610,-8.644443708230654,-3.474062933362961,32.17012277944039
6611,-8.100495501295054,-2.836576031239158,31.63749639197822
6612,-7.4939408554328555,-2.655958200851024,30.890277970256765
6613,-7.003695791686318,-2.3680934781426286,29.721037164002816
6614,-6.36532616461744,-2.126661278963547,28.502952627007076
6615,-4.978616678333673,-2.067330585659206,28.413232828094888
6616,-4.63389816132561,-2.02520811975465,28.383451704705866
6617,-4.817026351960358,-2.005176755779771,27.77401960626555
6618,-4.674752910888258,-1.9825176830350644,26.766532082366147
6619,-4.550048118686819,-1.9807830482875064,25.6579687497845
6620,-4.302685260854149,-2.0033583491937197,24.46258076202505
6621,-4.021781988786056,-2.0666468963074482,23.670925619949674
6622,-3.8565474614534874,-2.383413741158114,22.191192256655164
6623,-3.582808001158954,-2.7432471867431474,22.097065960396304
6624,-3.4392256137832833,-2.897621029244321,21.475457213462903
6625,-3.395600513114509,-3.190907892213944,20.92397999528525
6626,-3.373908352745697,-3.42792393761375,20.206032419703547
6627,-3.383223848968201,-3.7771742870715177,19.67294588175993
6628,-3.429741401702258,-3.805886440436559,19.170751247184864
6629,-3.468770013389863,-4.042233139507658,19.14590757850912
6630,-3.5495508023764866,-4.36129331760383,18.742671049645477
6631,-3.636316176304245,-4.8463182732724555,18.562085470294065
6632,-3.7422201725125306,-5.012663291782633,18.45114372778416
6633,-3.859223598998085,-5.2916216640486375,18.121873375111566
6634,-4.076560226842042,-5.5771560852394195,18.008930057046484
6635,-4.146601445554841,-5.977489649362834,16.98450475565423
6636,-4.33061895250149,-6.222877933087267,16.793292754022822
6637,-4.93080187220081,-6.598706234265775,16.5993407208062
6638,-5.252965109734472,-6.149956663353941,16.412048217765477
6639,-5.429152132386381,-6.231134635325313,16.173205751336088
6640,-5.525396355887322,-6.8016109304259516,16.167082258249245
6641,-5.746608449150628,-7.3233210238660575,16.097437309184674
6642,-5.813108760351766,-7.955194126810859,16.07627389890731
6643,-5.93754928329236,-8.649209445549632,16.11060686223737
6644,-6.807908013787325,-8.789641330661455,16.266196147521345
6645,-7.163072694931766,-9.391956071697546,16.408444329264423
6646,-7.444534011732369,-10.476229289680486,16.787509978946463
6647,-7.596709589903448,-11.59632586828356,16.99597661648407
6648,-7.5034580550198875,-12.20383311740553,17.358010729898776
6649,-8.219478846428107,-13.036050412088862,17.79552895712978
6650,-8.468065377967367,-14.211451984144913,18.182968888323053
6651,-9.584261284330326,-14.642841316171513,20.370002525343292
6652,-8.858337369884989,-15.77123851509161,20.974260096849573
6653,-9.676419936533474,-16.289248857634735,22.282158488403038
6654,-10.062364850824679,-16.38676058670247,24.151818416162403
6655,-10.673656841684696,-16.64239749549963,25.239245712893503
6656,-10.745789318214618,-16.76534544809614,23.129370793032212
6657,-11.397199877766191,-16.956760504926606,24.263756643877567
6658,-11.714022304244551,-16.84548246808842,26.581855527048113
6659,-11.849283023123855,-16.843208070837697,28.299489640877255
6660,-12.559852114945093,-16.64543341442791,29.407333966336154
6661,-12.841680367520258,-15.764300944262938,28.382641446953333
6662,-13.378263111015537,-15.6277424625055,28.958609581699527
6663,-13.39239278758483,-15.285672597662188,30.94960674261201
6664,-13.981221093522782,-15.291089917429604,32.22382732919614
6665,-14.110572034683152,-15.086992559878961,33.40516146337135
6666,-14.206047712092769,-15.442739310114215,35.397530428097724
6667,-14.242740086378198,-14.719931900467495,36.89886925120715
6668,-14.296571690788127,-14.224245700392181,38.2369203488047
6669,-14.285617145810054,-12.45172171209307,39.238745404303934
6670,-14.115952676673531,-12.405778671280313,40.00086156854157
6671,-13.918410469824275,-11.62390018965061,41.136052584635515
6672,-13.670374534919763,-11.780414248688768,41.70585453909495
6673,-13.67780924760171,-9.644501926939617,41.9946019851114
6674,-13.371500654160785,-6.764451476369366,42.04363643338486
6675,-12.044737477961277,-5.681545422988025,41.96334265320109
6676,-11.622093870740606,-4.582690695693726,41.67567978600798
6677,-10.909873198711432,-4.498741774042236,40.804762497624544
6678,-10.49495074242163,-1.142829305857897,40.80080817953205
6679,-9.386335587432935,0.22065472940322728,39.489155831828846
6680,-7.961591944576554,2.6980623221104865,37.108833630777184
6681,-7.306654896281288,3.1873038542774492,36.027223346986794
6682,-7.732989348238807,4.060732791132549,34.6853371644104
6683,-7.487409298620131,4.969234482995374,30.766574527756937
6684,-6.149242812281461,5.45577075322184,31.280273776468427
6685,-5.035229747559259,5.5294318737985,29.10312327342114
6686,-4.4955995654236975,5.529630438607965,27.83751142048832
6687,-3.326989162988955,5.485424001310542,26.864679879604353
6688,-2.4575169600940923,5.5651963144667835,25.71608388814878
6689,-1.7518529764583075,5.515580284441731,24.392872203206167
6690,0.38877459331276176,5.464914610038393,23.565446126306362
6691,0.4030989386962204,5.440239449526071,22.54727184133675
6692,1.2606777174605077,5.400288790822918,22.511989029720166
6693,2.2653128775867826,5.423572648183287,21.653958821159957
6694,2.2579697969779953,5.502119560180462,21.54861976199209
6695,3.5047675853430516,5.598244227609269,21.229459388545
6696,3.782617781327583,5.773458641760142,20.853772233813352
6697,3.926976491861084,5.862634496483658,20.56713317010386
6698,4.284687906791024,6.169809651764188,19.961319614312945
6699,4.871351867465247,6.435234045822856,19.875931944512494
6700,4.920317741262879,6.420953738555212,19.42230307563887
6701,5.068749766808858,7.1114354955505,19.285253795384588
6702,5.2040914911454115,8.075338747741338,19.021398263891932
6703,5.457507263771262,8.964315220827718,18.877471043770548
6704,5.779644905880913,9.861809263145677,18.858065741278065
6705,6.463170812880239,10.174538607369737,18.842403641770904
6706,6.880168571068148,10.748533811531592,19.112501374390103
6707,7.304440682284791,11.340675271828053,19.43783177012296
6708,7.826184018896073,12.075808920010662,19.28992052877107
6709,8.30553642256666,13.333753736090248,19.983962229632027
6710,8.844886662924592,13.437409885186158,20.41103816638681
6711,9.449468642209588,14.038952836408278,21.08797091963761
6712,9.220815859530985,14.6348329917557,21.451037761151806
6713,7.651770091379362,14.973891477578247,25.73660085925282
6714,8.04623666309907,14.9990579804936,26.550409739040596
6715,8.58603483797569,14.971548642797506,27.381676938851516
6716,9.81864353348277,14.869513417544619,27.505279549211313
6717,10.196341497266063,14.847542960060581,28.38675108245208
6718,10.543282207463905,14.54459788861987,29.26115955630768
6719,10.913144676897534,14.323816815232064,30.026344053920177
6720,11.054852300828921,13.866391459140083,31.408908225837987
6721,11.423976016866698,13.608216892719934,32.22945313526577
6722,11.372559987756203,12.902886760057367,33.380933526002124
6723,11.528271561761485,12.466901732938926,33.156857855087935
6724,11.636414784379951,10.26203365586585,33.7721533560275
6725,11.510643329697128,8.857640317503598,34.232410220434275
6726,11.306372366800383,8.453307575177758,34.31591139666885
6727,11.187961950079144,8.519107881936367,34.40354532695303
6728,11.025264501575593,7.775408554026516,34.42979862589178
6729,10.684644527804842,6.229055370146356,34.321005765266634
6730,10.323078897742763,4.894912684004681,34.20171957375733
6731,9.652195366485087,3.92663865178477,34.30343152084003
6732,9.273700769634766,3.7540860928902493,34.60175295203656
6733,10.641552501929265,3.3876379934645486,34.0321672130236
6734,9.86331280565245,1.8595382970664893,33.81324839786935
6735,9.488463746681276,0.805835129415283,33.66131407303896
6736,7.956489308444217,0.2196715151950287,32.66879098352023
6737,6.985490093787561,-0.11432373415756408,33.22580827607342
6738,6.260382876548251,-0.454265934783876,31.98511662473126
6739,4.848968080292268,-0.671084416014129,30.955494796556955
6740,4.520999596761813,-0.987974308609445,29.58063264317581
6741,3.660536199133698,-1.1080960338058776,28.951125347485718
6742,3.2558001005389707,-1.1053093235297913,26.8245565443769
6743,3.0626187428890272,-1.1197840940912551,27.007418360609357
6744,2.907941834208811,-1.0677062500820833,26.04751306002983
6745,2.38235700534318,-0.9924982708488761,26.096633535684628
6746,1.770201209348631,-0.9709649811996858,25.20963902235999
6747,1.6658865940196241,-0.9052387783899225,24.077439891914196
6748,1.795758917567571,-0.8565843888448997,23.702236259686114
6749,1.5711141916448395,-0.8437802396457337,22.938403794939376
6750,1.8890506174424808,-0.7760478247991975,22.65634830829333
6751,1.6574100151654654,-0.6884777132624694,21.80311417791962
6752,1.4226511292936956,-0.6397190736679768,20.784546053139866
6753,1.2687687079731351,-0.5365571218288847,20.468628117678097
6754,1.1767460088244897,-0.26304401569001734,19.917255567835095
6755,1.0416914605341816,-0.1961732847933313,19.09712244270803
6756,0.5915235727948729,-0.05446826656307152,18.8099370491039
6757,0.5039086770566709,0.024781947187921025,18.311518037079352
6758,0.4560732594268292,0.10021062110883132,17.78579116751528
6759,0.4180894189291595,0.13148658878678973,18.355688303109066
6760,0.3766617525137662,0.17659908107301778,17.75292089318399
6761,0.37457204025339513,0.20202009351242872,17.170968797412037
6762,0.36618442534251294,0.24127141974049743,16.867924471638155
6763,0.37952902791175624,0.27964111757789356,15.176353723842947
6764,0.3828107813642997,0.3381267525067012,14.737796587336927
6765,0.38420970574568014,0.40476201281814966,13.700485788120977
6766,0.38491780612413257,0.48072594159396215,14.013067066294633
6767,0.39429240102880386,0.5016405078909244,13.606852058464979
6768,0.40528113523713266,0.5699985923608843,13.334268446064383
6769,0.42281079956182366,0.5849459811125437,12.820263180032612
6770,0.4206398331834014,0.6579503151256685,12.326770410450399
6771,0.433766507062143,0.7127460890035783,12.229118720530764
6772,0.4729875195642827,0.7466726946640293,11.815051509108166
6773,0.4835185512397503,0.755319017920658,11.945424919716471
6774,0.5124670971300854,0.8852091356625988,12.029119022851656
6775,0.4850902904499527,0.9329019265000956,11.679121715189895
6776,0.4753492766013566,1.0501097280646547,11.506640675647994
6777,0.6313941147461914,1.1275723736273322,11.28626661468699
6778,0.6744828619557756,1.23936488735744,11.083310119738384
6779,0.7579003590947266,1.297050573002685,10.556900647828941
6780,0.8133422094442486,1.4485302436737864,10.340165792336434
6781,0.9338368360196647,1.6599819045097406,10.135687070206297
6782,1.0227929195918444,1.7445504851396278,10.076294670355686
6783,1.3339544727774777,1.973562564244443,10.13431001358406
6784,1.3822813862507308,2.346348020155993,9.84071883134289
6785,1.4742336737190527,2.735984518772221,9.458861220849533
6786,1.7285661354835211,3.1396543233558787,9.266556238434752
6787,1.7938068030593166,3.656376609036929,9.446670989993368
6788,2.065230409895254,3.951898589422237,9.236866541925199
6789,2.8069274328868468,4.416270454009285,8.502009621063136
6790,3.1589095484387273,5.314820809213638,8.389942143480605
6791,3.4209222171252063,5.113237704232458,8.300362207616475
6792,3.6422854264284044,6.205222716256692,8.214297807204924
6793,3.7335296745870297,6.470117243541708,8.21571115291811
6794,4.121749472054313,7.190794674623419,8.223134537936161
6795,3.995842110688035,6.9385760585005185,8.341379052014526
6796,4.172360129095368,6.758063301190828,8.417970720725462
6797,4.266189325097214,9.22668639000824,8.460630249365767
6798,3.0238359661146488,12.137776294762881,8.656721304349944
6799,5.328076629109919,12.519245832486247,8.791566438766816
6800,6.191300024720619,13.925413611639986,8.976502730982515
6801,6.862080917995213,14.644566458655676,9.533524919227457
6802,8.543898184258037,16.27355591861051,10.415074890733102
6803,9.027656707452788,19.18229786175585,10.87426995985309
6804,11.951115873838805,20.76093848163569,11.143359643509617
6805,11.05184860146467,22.9983332855884,14.437314430113576
6806,12.10665474959058,23.900659731251615,14.223240795294597
6807,13.421405212239945,25.301712039780885,15.178215952676542
6808,16.42814747826561,27.767012358039295,17.96826652552644
6809,15.282557973793448,28.906087734858826,23.491663785804647
6810,17.044328377786883,29.41132546180197,26.16607318427508
6811,18.852607889651857,29.45929111464059,26.079972339895427
6812,19.99647736987419,29.449460609429185,28.62502474280148
6813,21.74181464241529,28.752041469881917,34.82020123109136
6814,21.895198115862943,27.576127904736637,41.084108405821844
6815,22.231388673606283,27.033678769544185,30.148695560778627
6816,22.938415255414487,26.821162221021876,31.316618364438483
6817,22.94464170089651,25.90213247491112,35.6682175195362
6818,22.91194532645235,23.754262828079334,37.063088136236104
6819,23.11783423447466,18.716053219331798,41.448109245430366
6820,22.6139934364465,16.79264811805706,48.488363653426305
6821,21.815665713636037,8.777018069553367,50.91387197612898
6822,19.697617996272342,1.7105597127777568,51.71357916792706
6823,16.854018909903303,-10.220431446070876,50.00294405975103
6824,10.568367646241132,-12.530193779401234,42.85756155427922
6825,6.31538074945007,-14.067232333675408,39.40897514370099
6826,4.036349612023777,-14.644479165640728,37.48997698300602
6827,3.19604340986227,-14.818600259873365,36.69777472003761
6828,0.6346537659828639,-14.947592572274115,35.79280192507111
6829,-1.3612908684042293,-14.886764324152034,33.099790605161495
6830,-2.736370972679766,-14.658249545382732,32.51822662280456
6831,-3.400236562104858,-14.525494459028458,32.39140050623024
6832,-4.000268764083745,-14.19725438575313,32.44992583045323
6833,-6.950479212848637,-13.775319896329114,32.01173265303129
6834,-7.65114998065177,-13.009192309254182,32.11816262577073
6835,-7.695441296863384,-12.62633973889971,32.35142888116547
6836,-9.211136055315528,-12.024493135737025,32.37761558084105
6837,-9.429929269091586,-11.5955480539108,32.731048730947585
6838,-9.797932447609925,-10.11568140600249,32.89614393756978
6839,-9.852924885682434,-9.652535307592784,33.05755306015714
6840,-9.826679751494543,-8.853414764149779,33.09563695946915
6841,-9.681932160642583,-8.227187204000318,33.08361406571113
6842,-9.605283319046015,-7.442190529447999,33.098008806686906
6843,-9.639521197582292,-7.197708716868794,33.06607156766284
6844,-9.416577422738593,-6.60188633452667,32.70493847347935
6845,-8.997695235930093,-5.774040271144866,32.42834921871794
6846,-8.734035998388187,-5.549523348652189,32.19733515058601
6847,-8.203726383938315,-5.010750938031919,31.96474286797683
6848,-7.695640892078078,-4.534456339444507,31.450394450704746
6849,-7.594110551632344,-3.427896749347865,30.982303176956737
6850,-7.038528142158895,-3.3328761672735423,30.90821792669851
6851,-7.146584954840299,-3.338823020231648,30.334348375903982
6852,-6.765752980741474,-3.145463794082536,29.434659364007487
6853,-6.264466427921074,-3.2177024967638572,28.904100617203024
6854,-5.921461882230858,-3.1301202673187842,28.324809473600737
6855,-5.862948680204542,-3.017867705604627,28.154786319230613
6856,-5.504741503378362,-3.036342732984959,27.718097460967485
6857,-5.185926992630122,-3.0305404974962107,26.996182039008996
6858,-5.093143822134767,-3.058504092381164,26.301215426955892
6859,-4.976611945344994,-3.1524588816781245,25.42512456290041
6860,-4.445158220191856,-3.2380331865000507,24.341048436686677
6861,-4.3456214271657,-3.213150902976071,24.956828226554386
6862,-4.1927094316885,-3.3736417229500306,24.212274253350856
6863,-4.139647215183579,-3.5222527953989506,23.95913257955204
6864,-4.050669058035857,-3.626227427633123,23.27615347797448
6865,-3.997419816744382,-3.6384218120133656,23.00220968705225
6866,-3.9003618704972256,-3.8602008289108563,22.860429275381975
6867,-3.904208996745518,-4.026437226231425,22.381064601741354
6868,-3.8802558506028455,-4.031200995747077,22.516958860084856
6869,-3.915428604166893,-4.3650106401371245,21.874903913033325
6870,-3.9464814813449585,-4.818492860449633,21.108235159293393
6871,-4.105771216901849,-5.999326163220423,20.670287630131785
6872,-4.311919727289061,-6.2988443335415765,20.199920637753323
6873,-4.50127228666207,-6.211092190295727,20.047641851826057
6874,-4.589755647281483,-6.538809744974289,19.827637227490584
6875,-4.854709128786254,-6.69103356209178,19.414120009316676
6876,-4.885286136790791,-7.03123864762876,19.267503116030603
6877,-5.109747081251319,-7.510504829441429,19.158183133664373
6878,-5.289886838221775,-8.263413109331083,19.050444931412457
6879,-5.9213019423248925,-8.562451196656856,18.951788254382336
6880,-6.161238104089679,-8.893550956186981,18.950938410844365
6881,-6.625791809948295,-8.893852977782148,18.973278195677608
6882,-7.138254563011763,-9.60673354656088,19.042231855067374
6883,-7.206240626344817,-10.60264102731074,19.303279763948897
6884,-7.641109594692222,-11.334338698785904,19.547653275861542
6885,-8.015293732773186,-11.842298164490877,19.72896585368691
6886,-8.509669766712815,-12.340572490047181,20.08842057016954
6887,-9.023822904447348,-13.23705296038927,20.54492132823953
6888,-9.453776092877838,-14.056490996519697,21.335822367095442
6889,-9.517286260885864,-14.388528593467065,22.70480675916358
6890,-9.352907669585063,-14.713191021827368,23.663013625257573
6891,-10.728825268873672,-14.975611259115903,24.27667162138689
6892,-11.171248467656394,-15.088725526641532,24.611371798119603
6893,-11.497892540456286,-15.286555889375704,25.186847530054948
6894,-11.178802932442075,-15.407042601369126,24.624152654087993
6895,-11.081279195275917,-15.280737278375756,25.78530686264954
6896,-11.316215251183044,-15.364051567076672,27.579514667754644
6897,-11.088213447431706,-15.219087062584892,28.657966774306036
6898,-11.5213391213154,-14.920656971651743,28.962956838018087
6899,-11.774107363065035,-15.150846722616228,30.647173066716718
6900,-11.772754705200976,-15.029372018861844,33.31465273105777
6901,-11.871648957428132,-13.825241704849102,33.49600887442035
6902,-12.03616615045997,-13.481230544292933,34.552713784489136
6903,-12.290370913967886,-12.65853243477799,35.04435245501705
6904,-12.292324353587253,-11.909559922479268,35.621580807231226
6905,-12.268905266856635,-10.626069371776737,35.9792330084841
6906,-12.025355595110543,-9.215883958106316,36.29878725458566
6907,-11.904024192715768,-9.492332645930734,36.4413660954242
6908,-11.937612357961186,-9.320493603365296,36.76974307491766
6909,-11.539838283172786,-8.278586771010772,36.71219133188716
6910,-11.14469030733765,-7.053860222895988,36.716118406524
6911,-10.96132900276421,-5.311313156476041,36.6490226963545
6912,-9.419650365085259,-3.1704976244651655,36.35729021947027
6913,-8.78081215354609,-2.4366268554650126,35.12761695706046
6914,-7.986616792350914,-1.555456644379859,34.54052893678074
6915,-7.521190481781203,-1.148146812985424,33.63734644655325
6916,-6.418143146552301,-0.20459422852967524,31.71214484488481
6917,-5.701487468526519,-0.003777854217297927,30.91213024758917
6918,-4.581706140632135,0.05711511128046615,30.59521949022715
6919,-4.0783205016113575,0.1674576943314274,29.501206599214196
6920,-3.8539647504676187,0.26606995781703274,28.221928941903386
6921,-3.656091769712453,0.27175573261038366,27.497346847400035
6922,-2.76569496988927,0.25728653172030763,25.892538054237257
6923,-1.8328412945839936,0.14751299810619467,24.09544690694288
6924,-1.8485348006008857,0.07798273010919539,22.25203325257475
6925,-1.5485515243376085,-0.1383955283474662,21.186479220649044
6926,-1.183314497356599,-0.3129089840753678,20.434762624779296
6927,-1.1371135579612501,-0.3826967309187707,19.705819672956956
6928,-1.0793455098071292,-0.4614590745664803,19.031259528011148
6929,-1.0632575805252644,-0.6810686810977575,18.367092192880627
6930,-1.022534301122408,-0.8311084054412211,17.56807220155712
6931,-0.9903553307804446,-0.969726730460278,17.550553502919357
6932,-0.987446442951233,-1.0639836638918212,16.35995860086402
6933,-0.9965759661465075,-1.1800588030273655,16.05567826234991
6934,-1.0192802250615873,-1.3201184690075114,15.785619097083467
6935,-1.0917074393439632,-1.2809819524207988,15.059139588843198
6936,-1.114262008989595,-1.380866379648866,14.146289611549264
6937,-1.1556057026517819,-1.4304437563548422,13.942969971654946
6938,-1.1357859096290823,-1.589161872931413,13.361803280250909
6939,-1.1895978613107534,-1.8555576437220038,12.831000552759102
6940,-1.2990767130930923,-2.019755243413236,12.64051250505426
6941,-1.4827417495219712,-2.2202599496062594,12.055229976295866
6942,-1.6424545997360864,-2.156750561968917,11.57181829889537
6943,-1.6688702430987552,-2.3707711533620954,11.167092812666572
6944,-1.752880063692727,-2.5305997942142047,10.824720653790553
6945,-1.8137986657725231,-3.0123282755158174,10.630769500078532
6946,-1.970806329041333,-3.3354419525624963,10.33384875992954
6947,-2.1307579049210634,-3.923838345873108,10.319079678725346
6948,-2.3581837187403027,-3.72967354282675,10.073547654273398
6949,-2.5450128361809248,-3.3648134605953683,9.6381677270146
6950,-2.644023994576131,-4.033795151441246,9.520543364440345
6951,-2.789465527620291,-4.939525255404554,9.747361410754712
6952,-3.3593999666496552,-4.947865097437524,9.589251155760682
6953,-3.541637725452431,-5.491044075171432,9.423730115676815
6954,-3.362369569148633,-5.927876664711839,9.346312889682716
6955,-3.5864118560631053,-6.523344910682127,9.308803413016665
6956,-3.8660850406681244,-6.9632357064325765,9.29856828236347
6957,-4.421641889792659,-7.599487682407199,9.327152658949933
6958,-4.500759117143515,-8.302599359001594,9.486258286547866
6959,-4.944201185739036,-8.20277845677471,9.593769241896782
6960,-5.219032101673084,-8.869515618415484,9.888302763824232
6961,-5.417707270246259,-9.567701347842888,10.097504737342359
6962,-5.713489570899119,-10.187865842496539,10.511607492661938
6963,-6.261536145695849,-11.817230787159804,10.803471115574254
6964,-7.198595900605225,-12.990285083578737,11.087800218769829
6965,-7.838249498829742,-15.583396945284619,11.265259146886855
6966,-9.895061951936153,-17.75370999054009,12.412265737240698
6967,-10.925888671924556,-19.716886612524398,16.327679810733805
6968,-12.792330635543136,-20.32761176774437,17.59445951162923
6969,-12.302726832434569,-20.16816457088668,14.168228732325998
6970,-13.340371901514784,-21.90744990412974,16.668184923985724
6971,-15.43363155410106,-23.282115282858918,18.846940846493197
6972,-15.816886655590737,-24.431554607236272,18.79037919226448
6973,-16.69876304320381,-25.543103776140764,21.272833435078503
6974,-17.248048989786643,-27.023021261466464,24.481743160038487
6975,-17.793788975265546,-27.455273357003612,26.985432152951937
6976,-18.994438673067574,-27.369322010739037,32.459438829512116
6977,-20.05288762327354,-25.699122209843413,39.482652496492236
6978,-21.054643132427447,-22.808078644867972,42.220682302886566
6979,-21.09238498556196,-19.9093650457298,49.35569898275196
6980,-21.012643101933683,-14.370699470495463,54.27677838151327
6981,-20.267099001992673,-8.715004993546536,56.539552178066465
6982,-18.691583687828235,2.5541413105893795,56.865152023612474
6983,-17.212161585150714,11.013797183930238,55.09268365824211
6984,-11.602066229196609,4.101274230466366,57.67630050083282
6985,-9.562184179819734,5.975477678779967,54.480139186066886
6986,-10.756315374651415,2.0756151179855986,55.128217861529244
6987,-8.042681747025217,5.390451825725254,52.90179862449355
6988,-5.132481372964954,7.915848468164323,50.27492944288606
6989,-5.230499671890347,8.792365227843682,48.11910734585092
6990,-2.801418771211153,9.90973548951134,45.79406030007928
6991,-0.9761864007861094,10.304792999909541,46.211441572267084
6992,0.7830211280406907,10.359042783604233,45.03195104298717
6993,2.715252051135309,10.059415368909917,43.30590612640675
6994,6.113118132727525,9.181320482203141,41.95185332438999
6995,6.3959489362160244,8.681340826920223,41.28700496597514
6996,6.556713940901371,5.934356954462347,41.41123835874863
6997,6.509834631570144,4.258779470097174,42.43356207774614
6998,6.149178838618759,4.07668048280232,42.217159504288006
6999,6.2499783763437025,3.04673798860017,41.68843535361849
7000,6.037628939485308,1.3188686514928463,40.991043558234125
7001,5.245552023425034,0.4768025254809184,40.29015270919529
7002,4.8563071989489845,1.1916048522610623,39.69503445828871
7003,4.191244850106078,0.8371329439820647,41.78522245837475
7004,3.960813638402818,0.25125348258698044,40.96514967940662
7005,4.1650928790304125,-0.22475674979297705,37.044197726047976
7006,4.091390491302337,-0.3683912894634071,35.53175205940514
7007,3.5550448325515394,-0.8067965692588384,36.24996875165537
7008,3.104885063704569,-0.7628088430678125,35.45019283552168
7009,3.393706769325509,-0.9673543598113762,34.12264695655286
7010,2.54272461087491,-1.1472051491801478,34.68274956755089
7011,2.508738026520411,-1.3795749396570245,34.460732529009526
7012,2.309849922886777,-1.7157048385909497,33.61634125194618
7013,1.8934884438290243,-2.123226744441914,31.91558632524834
7014,1.1998562052639388,-2.316081717034116,30.554291170189234
7015,0.7023347457139545,-2.328562694238343,29.760897398051547
7016,0.22871078324559263,-2.312674820482637,28.910167115818087
7017,-0.03423561607747022,-2.287828497290277,28.370098778983948
7018,-0.41387647349242723,-2.261854926904574,27.628415812676522
7019,-0.6826998526043812,-2.2504952307369344,26.59130250157356
7020,-0.9167257417118431,-2.2346253743537567,25.617465012563734
7021,-1.0333843693615157,-2.2345799287285053,25.538467763574648
7022,-1.097970351893296,-2.2418322969521407,24.447117782293525
7023,-1.2912426844734617,-2.2564631794726333,23.962822581943218
7024,-1.356796780044103,-2.3321153158829655,23.454213165570145
7025,-1.4832661466102945,-2.403748987646414,22.74536826183285
7026,-1.348481654053721,-2.3908482146096333,21.24790466583346
7027,-1.527013740536138,-2.4538204153553935,20.052050675432675
7028,-1.4667417376196805,-2.5654310882708122,19.90524323985782
7029,-1.766974274056029,-2.66833383110455,19.435003974169888
7030,-1.9788771579707005,-2.845400317981272,18.41440350940967
7031,-2.057096316212931,-2.9843754040293238,18.500188510665417
7032,-2.2275512891894627,-3.209262762054845,18.510959792314083
7033,-2.2762101377376016,-3.5972998211157776,17.563338170535832
7034,-2.396723749070274,-3.8495543194964825,17.70377583835746
7035,-2.4958031271089163,-4.125784188122608,17.73681524961343
7036,-2.6076991833801855,-4.11076566764056,17.28461130168522
7037,-2.5711315207968606,-4.219968737976087,17.155161953432092
7038,-2.909388797251768,-4.402618379456662,17.34578050212364
7039,-3.1386645704772036,-4.697395127578364,17.12179443649647
7040,-3.245854096187566,-4.596771445252465,16.99307511776725
7041,-3.337332319140727,-4.877039806656768,16.268727943126503
7042,-3.7689894622888294,-5.142626100756035,16.044954018547774
7043,-4.193943867265628,-5.7230163788154575,15.624766197216587
7044,-4.511029312755298,-6.693358154866805,15.524376859469276
7045,-4.71432660844795,-7.39816789892337,15.502785414031564
7046,-4.757878353620226,-7.995300453846266,15.434099766871574
7047,-5.357453986540439,-8.75114981615662,15.417313754487674
7048,-5.623811922301216,-8.969951590574103,15.451600931764201
7049,-5.612802954883734,-9.43119838974729,15.551620133061197
7050,-6.1334401540593495,-10.689670853317436,15.519729680854088
7051,-6.461315847116015,-11.224562595769065,16.756280279527203
7052,-6.66611241064471,-11.804613291595064,16.49735261160532
7053,-6.758033570274271,-12.739579612475717,17.288262577205906
7054,-7.325881616485593,-12.488688846443774,17.879868849213107
7055,-7.385266242576222,-13.027535524990135,18.35843489746682
7056,-7.948097236902825,-14.051264335685875,19.272252222894917
7057,-7.647865246475339,-15.030332636964673,19.45036499408418
7058,-9.155482242638154,-14.391536523677495,19.875642120240364
7059,-10.061045142890535,-14.587680122095009,20.811986739224988
7060,-10.738822146539787,-15.18082053581918,21.12997019158392
7061,-11.187408924430173,-16.013505404264894,22.689080098909866
7062,-11.945830259819461,-15.775244946526245,23.75797470633137
7063,-12.176429199363879,-16.05253029149789,23.208814255782173
7064,-12.492689661910221,-16.426600373057642,24.8362605807651
7065,-12.826533677963186,-16.514049204913327,25.31644497283905
7066,-12.892692657419271,-16.67757088718339,26.811595506112184
7067,-13.235797115202384,-16.664319645035253,27.814158300335194
7068,-13.828876963552164,-16.557301551987972,31.83164333904717
7069,-13.881672515394824,-15.726076177163339,32.96171957144684
7070,-14.00963060877145,-15.160119420666884,34.274308003616085
7071,-14.860487944517285,-12.181014503514737,34.94561794348214
7072,-14.382681523010032,-13.786302719361633,36.78814972807912
7073,-14.34627139876871,-13.585173568118677,38.01835575666463
7074,-14.282225438205225,-11.816841523094476,39.356109045601656
7075,-14.256498153591618,-9.644028072691034,39.895605415478904
7076,-14.172736261480043,-3.990080394010299,40.17708963517197
7077,-12.422323376434365,-2.7240003375770048,38.87675166354757
7078,-10.784073966985178,-1.7750436039312574,37.90055860737777
7079,-11.892766368845944,0.2715784753006314,36.32646183931351
7080,-13.945878741364286,1.3882668819052866,35.21472653408122
7081,-13.736379401963797,2.6063292430348115,34.01963555420842
7082,-12.053385878827731,3.5724289713717132,33.00343362705932
7083,-10.580566400944345,3.9553803262557525,32.5944470273145
7084,-9.999108322833433,4.543275941103618,31.438622462538902
7085,-7.609112340959856,4.842514028697281,28.153253360395837
7086,-5.956438778418268,4.812750814710425,27.29122036000796
7087,-5.049864946891201,4.7342390467696065,23.87211446589506
7088,-4.080539825106349,4.894251044912277,22.31073393723035
7089,-1.9153530096694502,4.524901699077606,22.175569699018045
7090,-1.8603027642625727,4.452849779473444,21.30503083122787
7091,-2.4167991172606045,4.337009090603554,20.045199891719466
7092,-1.560756130091217,4.092827693733109,19.69852475723138
7093,-0.20748389997932182,3.923073412644794,19.02144417280653
7094,0.6280396499995744,3.8084201692578374,18.512785068161204
7095,1.2230836947791026,3.840729925181465,18.798097106532293
7096,1.310718967447757,3.9331341173534495,18.212783717681702
7097,1.4281886081356818,4.019132343866656,17.707343772927832
7098,1.7419436252544576,4.129677403810577,16.945161046075683
7099,2.0642013371352963,4.324694633662719,16.56594613480036
7100,2.3013306053217923,4.229570308650793,16.501739561399283
7101,2.6525280556170294,4.572596292583082,16.109440090131166
7102,2.875393448275313,5.1256393061590595,15.58059636588152
7103,3.057039773240263,5.439164974707038,15.149281344775867
7104,3.2340548767957293,5.831806991428672,15.17733936790753
7105,3.715582685487434,6.046334215035924,15.009320965780764
7106,3.9621810281065173,6.0910692414406,14.966653888393784
7107,4.187680676290716,6.85641416033528,14.743744976536295
7108,3.984102169607388,7.429563422793036,14.515429040298237
7109,4.600487397606109,7.48135875132394,14.301047252981787
7110,4.833606422008802,7.64807941625263,14.277108507427911
7111,5.069127703055944,8.169643543292157,14.291827802391339
7112,5.3794161304716415,8.532246295020743,14.31305670979948
7113,5.94830041419063,8.819924469000485,14.45865860625771
7114,6.250751442098757,9.668726494986151,14.68465590746992
7115,6.805400237957677,10.058248743653058,15.003418669321738
7116,7.423582156384692,10.643192841995901,14.891800892154654
7117,7.784767654951911,11.12037529192279,15.588540577622172
7118,8.08634431046882,11.9160367377429,16.469834114689302
7119,7.843033152042693,13.025549953229223,17.111180437596616
7120,8.30360482398367,13.673104104642952,17.456118668151973
7121,9.132297034482255,14.348072827541532,17.655197773150146
7122,9.016988417196718,15.770250714434372,18.780956401071
7123,9.76360076046553,16.019902099338438,19.625709847383984
7124,10.432063238564126,17.09276580239235,21.33017520734609
7125,10.454911454807347,17.45401003946306,22.966042225283005
7126,11.25992586845209,17.730690815242543,23.79431594555438
7127,11.89662500900216,17.759625521880068,24.17096509369598
7128,12.925537803804156,17.90110559650482,26.533583500251193
7129,12.853891428808021,17.92106537424429,28.221869901119256
7130,12.908326327503696,17.61677588774544,29.866920167591562
7131,13.399478405114303,17.463514120520728,32.10442888954385
7132,14.450657425487165,17.672248756455538,33.92096377726954
7133,14.880016743100988,16.17962864515249,30.677092479570057
7134,14.884440559938893,15.639283809645436,32.788491718061344
7135,14.97640614370093,14.453239287094576,32.95066226985151
7136,14.95689413980018,13.856726011929865,34.136476808261854
7137,14.825854322047414,13.91876639821703,37.2505486240944
7138,14.799261220896604,12.128992292835807,38.85543512760225
7139,13.943648434169285,8.87635138448734,39.47333858493883
7140,13.267945678434172,8.34307531981418,39.71496581013435
7141,12.934280475858522,9.205109816278208,39.86591182484352
7142,12.633108148026379,6.997968651634055,39.90455376346259
7143,13.416545722604337,4.319844831429047,39.49694957774371
7144,12.038600276093412,2.9884608860869055,39.35712751220591
7145,10.917321480645025,1.0899106493208435,38.9838638641945
7146,9.495339603334328,-2.9240156367822103,37.71917430807794
7147,9.647864482273468,-4.827897929699191,36.968629801000965
7148,7.921172432540278,-5.773695659648112,36.01737116549623
7149,6.5151771621983725,-5.5895825041583835,34.606010058372085
7150,6.24271753399517,-6.1662785036075585,29.546304618693387
7151,4.58848637694694,-6.199267783338296,28.051538693161806
7152,3.4745923311332936,-5.923794140974568,27.52707983419968
7153,1.9246173301563976,-5.919387316391453,27.162072888313165
7154,1.49427436226011,-5.820006551510806,26.640238539301723
7155,-0.10012881984659638,-5.7551166836553,25.55074630633928
7156,-0.44058325035356777,-5.6252705147477045,25.192940774478668
7157,-1.6901104548417887,-5.560027089032148,24.80096887068904
7158,-2.0404978551786668,-5.558509208049214,24.438412588533765
7159,-2.5460856378504326,-5.581867604929649,24.361965704159676
7160,-3.1964708954242163,-5.595247701049781,23.677813773525276
7161,-3.3632037223617504,-5.697917765049896,22.45914203995936
7162,-3.524001372319547,-5.815676079937642,21.891353305922596
7163,-3.392995089999858,-6.073657202816686,21.01417192050211
7164,-4.105812286712067,-6.204885451401145,20.873569799256096
7165,-4.334331876551261,-6.438919190803564,20.70601142584718
7166,-4.7140368484962565,-6.794344269453533,20.405847957449737
7167,-4.89325874121601,-7.216197087583124,20.134980354238333
7168,-4.555643470132185,-7.545621248257757,20.020633479433755
7169,-4.825704233702498,-7.799234061657531,19.845978925142347
7170,-5.155620629528591,-7.953399381933804,19.698685371298996
7171,-5.546574068007878,-8.395095824569095,19.564912320619133
7172,-5.7999122989725365,-8.40758507910397,19.55927116048503
7173,-6.197469243243538,-9.066734156114162,19.54176380034432
7174,-6.5138081691991205,-9.532870629906716,19.540965015438474
7175,-6.816184578684956,-9.943178838625167,19.508784872652786
7176,-6.993913975775383,-10.327059647496343,19.652421359454216
7177,-7.411883714787951,-11.35335806181585,19.58399436108616
7178,-8.252700730959146,-12.326840461354262,20.429910621291675
7179,-8.556469478678753,-13.36440965235672,20.57137223369243
7180,-9.07683831856739,-14.267733162521928,19.83109220118725
7181,-9.424454203590537,-15.456835054789758,18.732359777944385
7182,-9.915705577335041,-15.586236535581344,19.90628316159609
7183,-9.859383633528228,-16.325273956225963,21.13849602506528
7184,-10.359002106928743,-16.85512022625836,23.39965618830657
7185,-12.209581484540076,-16.59883860709007,24.439408170004334
7186,-11.885963498162479,-17.184213859803354,25.742766886877156
7187,-11.587956828079394,-17.376884650105822,26.77958240574902
7188,-11.33780191807157,-17.419789102011926,27.174053938231147
7189,-12.514769741206582,-17.24355618806027,26.80069572341361
7190,-14.10793294271038,-17.22232649106769,27.831015308588153
7191,-14.970260437682892,-17.091528587513295,28.35292374338069
7192,-15.274784842952714,-16.82849671858285,30.187468793531806
7193,-15.55472951515679,-16.298128812084954,32.24016197662982
7194,-15.632704091015809,-13.531565001307982,33.65656261463505
7195,-15.462890959289457,-12.815891476105685,34.56120168518448
7196,-15.523055807145658,-11.552912870318105,35.457232856882676
7197,-15.407995249283521,-11.074910906286389,35.680998752488925
7198,-14.789540346097981,-8.11521606886819,38.01303752856198
7199,-14.4056219734135,-5.986829538578247,38.246840398722284
7200,-13.615906631832946,-4.421735348029309,37.98902566589365
7201,-12.541153080111341,-3.214965974466267,37.54719335193726
7202,-11.470894757960776,-1.2111040477173054,37.48224805835881
7203,-10.047787303878447,-0.7675220785149076,35.0529829936246
7204,-9.045587600145339,0.536497721146531,34.808927770038665
7205,-7.987961532233213,-0.44665431618063123,32.20997345072459
7206,-7.111068179480447,-0.1927526578581814,31.28304439682176
7207,-6.7010033792296495,-0.050767112031813305,30.1764648454678
7208,-5.4833816959145985,0.018722413310139685,29.406312613081386
7209,-5.753957322093296,0.050300586760555606,29.887848789345963
7210,-4.516004677807478,0.17514344113802657,29.037994982821125
7211,-3.891005571451311,0.23539125685593268,28.159172913853823
7212,-3.4012953146086677,0.24313191981131127,24.89909658660915
7213,-3.1117456305260554,0.07450441717423428,23.959526539423244
7214,-2.6703497841531094,-0.14684193781975757,22.953613139181005
7215,-2.6356295211310665,-0.23677780216061922,22.411827309454814
7216,-2.2400403030464577,-0.3140378583165352,22.77273980430743
7217,-1.9175155710219605,-0.3952790965403949,21.930492734923263
7218,-1.787901381992972,-0.4607522936617056,21.410283831942333
7219,-1.7160642737069658,-0.6670448583254407,20.96380094197663
7220,-1.600160567349236,-0.7557020244734958,20.143516571948354
7221,-1.576437683478283,-1.1465994546723528,19.740583683918544
7222,-1.5541301709303212,-1.1633140165135238,19.204694469274514
7223,-1.492782064752067,-1.1967275242304998,17.681072029933006
7224,-1.4744993229312948,-1.365022871728033,17.688054313989902
7225,-1.4670526052456292,-1.4501446753729204,17.533552743957728
7226,-1.4660613111981293,-1.5026486433192994,16.983437965854492
7227,-1.4739460661861827,-1.655989348215449,16.612065310741233
7228,-1.492685278880904,-1.8416394815790098,16.15778987579
7229,-1.516319072245823,-2.1509775260682193,15.474534647900871
7230,-1.5735302807453546,-2.1154186324429913,15.260781698400619
7231,-1.631324051064461,-2.388540617360094,16.28399084706829
7232,-1.7649580557702285,-2.6309888182957026,15.273443118477022
7233,-1.9454640252526518,-2.8964118966527113,14.88395585700568
7234,-2.0089259847570347,-3.1558892543674713,14.458500844792383
7235,-2.0642838785933066,-3.562355060145797,13.968023726334632
7236,-2.1315488250196,-3.870927114084336,13.715352311914176
7237,-2.1853345217794145,-4.02785916843425,13.514272391965294
7238,-2.392684440069719,-4.1322167200486115,13.366168464242401
7239,-2.42828347793187,-4.26624983834597,12.832351418020805
7240,-2.5473789001836185,-4.696228975145529,12.312801008376795
7241,-2.7960705010734577,-5.016607946260538,12.61485871159626
7242,-3.0172057163503307,-5.35780245882273,12.367445442325694
7243,-3.21866490347657,-5.793235091779062,12.182469991749166
7244,-3.7506885394566316,-6.100267542051853,11.903625585945154
7245,-3.81753376784195,-6.4119672879541,11.822104747420049
7246,-4.230943175683464,-7.4257414185838275,11.673248066195818
7247,-4.480759314939492,-7.745198211590093,11.676596189328054
7248,-4.786148328697875,-8.310266962776934,11.710304244490452
7249,-5.295703069973654,-9.375742496129652,11.809678105710677
7250,-5.908210447253355,-10.468744996569185,12.016486559566559
7251,-6.327826760447932,-11.208724040120362,12.373672003430068
7252,-6.825015610493307,-12.088682172748141,12.335617310893856
7253,-7.361675838863212,-13.439847354929224,12.984344656536447
7254,-8.113076915752025,-13.97153396738881,13.659830120825898
7255,-8.7682694268731,-15.114615477549632,13.841733903845595
7256,-9.483453674322938,-16.79810421018869,14.954598313659101
7257,-11.330522836048472,-17.270964067558868,15.713495486032276
7258,-11.587775366049579,-17.673787896138034,17.144659363808827
7259,-12.235724954059316,-19.521125798717197,18.509783193333455
7260,-13.046536059304518,-19.259462758495836,21.074695875834173
7261,-13.18996736049857,-19.194619336998237,22.380634037719247
7262,-13.143347741117305,-19.78824764122819,24.762855684044396
7263,-13.685926045904374,-19.98232538686396,27.655577586659803
7264,-14.412278694118243,-19.767261303144583,28.875672044062917
7265,-15.028926587476395,-19.25731561737791,29.56093854007562
7266,-15.436944745957232,-19.04973512975913,32.78034964258991
7267,-15.741095200480041,-17.05627436073207,35.23717473376814
7268,-15.770029286284743,-15.20061707379992,37.60218416026994
7269,-15.688135937116733,-13.320678368634052,38.46742798578436
7270,-15.127990338729662,-11.585339118390017,40.94218081317352
7271,-15.297433601207382,-4.996657590595192,41.58399100604635
7272,-15.081999523525587,-3.898353258166476,41.44513421319687
7273,-14.229689305541433,-2.0726874947061935,40.67956790327832
7274,-13.171943674694118,-0.38025009840772284,39.93382660006027
7275,-15.033794359899732,1.3793062386325827,38.21522362426985
7276,-13.345772109832481,2.2308618610989135,35.63792219344761
7277,-11.234688473122473,3.185775804859951,34.20362266948183
7278,-12.327221721506746,4.452908745668653,33.051562242413354
7279,-11.027236391625927,4.064379831777828,32.5396884107814
7280,-9.026926856019134,5.404309924330635,30.292525618075246
7281,-7.454820518042602,5.593079257404724,28.298832074413124
7282,-6.567293081120427,5.580917284861229,27.282707588059086
7283,-5.968068449859427,5.52239495468758,27.323303476125712
7284,-4.591269042051827,5.456368927374309,26.562280608882602
7285,-3.4696517560318894,5.465930497437481,25.563416339018453
7286,-3.8513605723799125,5.4381080679731815,25.28163848632586
7287,-2.28403602582266,5.043348192366544,24.001647944565303
7288,-1.5658474665411521,5.041056452205183,22.92149976311607
7289,-0.6851413727886061,4.941892007874339,22.130171523385155
7290,-0.8149416554959713,4.948269513336993,21.896474232798337
7291,-1.0034915406305895,4.9016850529226526,22.18776357525788
7292,-0.12635711071265143,4.782733112558222,21.01791148741834
7293,-0.10219864309370022,4.68297497162135,20.428056648067678
7294,0.2340208565654381,4.619465306328568,20.127359674942227
7295,0.812006038333071,4.554427863028307,19.668362870219728
7296,1.0304566461593954,4.6004742937798495,19.548070311865413
7297,1.62831850817063,4.670121202116564,19.329876070190195
7298,2.35979833610333,4.78592966379867,18.618297725548896
7299,2.4653860095442885,5.126508387245563,17.895236386180418
7300,2.577395724885488,5.355845745527456,17.530526209345403
7301,2.5620873572076452,5.569782156296417,18.66361314365651
7302,2.849241251665301,5.7003623405867225,18.67324637679671
7303,3.1305984773546616,5.9286443181576844,18.369092855810923
7304,3.085731708965892,6.040034119320698,18.03357586285414
7305,3.278591717133681,5.981145272884182,17.849055045387587
7306,3.5823240781024395,6.233740100009951,17.48625768927332
7307,3.863207852671844,6.934003576479025,17.510170338728468
7308,4.032999001838181,7.615119594186933,17.83911006043689
7309,4.239362625850578,8.035636372559267,17.646888842241506
7310,6.146574145673789,8.199224624308096,17.739391824281405
7311,6.288454901630361,9.383517337805833,17.756847420824556
7312,6.678526855321609,9.548475504535054,17.817119751705167
7313,6.881850228474894,9.305254653955016,17.77114928602839
7314,6.9309293840367205,9.962241511926491,18.095426361707545
7315,7.477138136957195,10.575507642576778,18.226738989204524
7316,7.613393958930852,11.3385103827843,18.701491995040428
7317,7.555561926048296,12.1309877962724,19.23851812904768
7318,7.458064906927471,12.9039628309209,19.517181523779577
7319,8.1794952037209,13.087975324127616,19.977597594700814
7320,8.49980271001819,14.021407149136575,20.674501043473093
7321,9.256415827410994,15.107061500320908,21.20121615000948
7322,9.845733371282323,15.763479446916717,22.23166345678738
7323,9.2940378949524,16.2736500356016,23.454593693957726
7324,8.621866103541606,16.429740733978846,25.05785344698634
7325,9.884705085505624,16.504875513297172,27.134581421157687
7326,11.186778528506485,16.49180286390001,28.097426871347857
7327,11.677762611123836,16.44164037122073,30.82935017294944
7328,11.94549634164623,16.157476082350666,35.54057119088089
7329,12.376459998707855,15.799737893634786,36.775089768844815
7330,12.80184510827344,13.89973976493268,36.6688707635169
7331,12.972687834845079,12.590211565546618,37.55371431730771
7332,12.917996193637112,12.838760081920706,39.1047575322672
7333,12.911950624587618,10.698917941803593,39.39747944772961
7334,12.750579595492143,9.14842950774031,39.85644831009372
7335,11.895420844716694,6.673971256407331,40.02109683724538
7336,11.345369657964845,5.088183126276383,39.72285967527515
7337,10.829161907201476,3.854124106728542,39.210583110998094
7338,10.257099465097419,3.3303121236790334,39.12801270688387
7339,9.593815481737188,2.323340943971244,37.26618965281869
7340,9.037687771201771,0.8378876610834645,36.5167114478941
7341,7.239617972679842,-0.6113597139022151,34.89644691417584
7342,7.836338362282372,-1.020778972806097,33.87220714306832
7343,6.061826396782108,-1.529253496567546,32.822403735640066
7344,5.285285317813965,-1.8739592957184652,31.327274564271114
7345,4.632127094498555,-2.055337448071607,29.950381458636276
7346,3.472720777925378,-2.05418326208609,28.955920806296927
7347,3.4942366166378918,-2.0774045984422265,27.50042627275266
7348,2.8750770917971105,-2.0179350855741283,26.697952197452963
7349,2.318403623748277,-1.9455734020722866,24.035892642496766
7350,2.2861600988014517,-1.8719576811055725,23.52480835627384
7351,1.8857072052635628,-1.6990895831286483,21.75038562632764
7352,1.5367743548616064,-1.6735399196887992,20.831094868377072
7353,0.734798020539719,-1.575326109047688,20.68870897417092
7354,0.5219585114923402,-1.2380193700218274,20.08020371366683
7355,0.3953099423823308,-1.1804196752516503,19.204455593463763
7356,0.14449121787170116,-1.064050084468195,19.008374885202354
7357,0.06581614488371926,-1.0571190450619998,18.3857110187779
7358,-0.06584394891010406,-1.041410015773561,17.908360082357103
7359,-0.14819548589199744,-1.0419839984489732,17.582434267300204
7360,-0.24017080066286128,-1.0492903725279583,17.24518603214839
7361,-0.2366191491466198,-1.0514535891445,16.338829470977306
7362,-0.21852330742575973,-1.0148570949162345,15.685092568026702
7363,-0.3101735387415084,-1.0330900729796952,14.949766619103466
7364,-0.3864775538550104,-1.066142379265581,14.486081507599136
7365,-0.651199301796092,-1.1250857806157963,14.146386279956868
7366,-0.6754964192905407,-1.237343343750317,13.805487819239183
7367,-0.7336867498824334,-1.4004313339168781,13.847040037124374
7368,-0.7682165903194452,-1.5252627508238932,13.661660014768518
7369,-0.8008082425818748,-1.5555867800533523,13.102900324121713
7370,-0.8452292699943282,-1.6021992795528064,12.70820126582914
7371,-0.8514162008170153,-1.6790356134959197,12.456552990991906
7372,-0.9407716737034517,-1.82354535237962,12.11805923931122
7373,-1.083039250501679,-1.784198848973825,11.928166301477226
7374,-1.0179817093331835,-1.9586080904188419,11.641883839515577
7375,-1.1103785379299942,-2.0599752277389887,11.00126271401072
7376,-1.183851325232321,-2.296685267554579,10.676029812617543
7377,-1.4549974180831864,-2.5097295915632074,10.4031662253635
7378,-1.5885182805231506,-2.4942155301973132,9.856993383881436
7379,-1.5598199672684174,-3.0274832642710097,9.402327018650787
7380,-1.73961909193551,-3.1226058776272936,9.09140063839051
7381,-1.5911667288806304,-3.227330735035473,8.886296203182013
7382,-1.7482088470126755,-3.2873055194045793,8.644782678686354
7383,-2.071022322369654,-3.3072413052568623,8.6542928259664
7384,-2.1970430604944102,-3.353866747375278,8.754838915312583
7385,-2.250192178064647,-2.652369130983245,8.566400085845546
7386,-2.3295223762899946,-2.504175967351555,8.456420535837955
7387,-2.330767311679944,-3.256131356604264,8.309655219411646
7388,-2.431783359848138,-3.687902612262039,8.204282596708913
7389,-2.4523521856986585,-4.272994148126137,8.045045847038022
7390,-2.535198071817402,-3.833250243958717,7.9388574346191305
7391,-2.7489672759127153,-3.7261959419358903,7.721431888746835
7392,-3.0314687598471792,-3.8053043449163373,7.5871336121135435
7393,-3.1050851478756685,-3.617972270635427,7.511128678285075
7394,-3.163640994303486,-4.029297311959167,7.41997699635296
7395,-3.293534968623506,-4.850571594674411,7.402809831742903
7396,-3.4899103970555734,-5.1888917826981595,7.369386486340938
7397,-3.7233081964511388,-5.933871183192727,7.328332896324196
7398,-4.0117433346191085,-7.346943614160155,7.343809318226647
7399,-4.195876749535745,-8.03518298230917,7.421668940425082
7400,-4.671098047883952,-8.384177284185562,7.449013451833031
7401,-4.890122099686596,-9.356707270856853,7.802207473248631
7402,-5.3428372393020265,-10.264010986132108,8.0766685636267
7403,-6.478818312369839,-11.121795385296732,8.706634079911964
7404,-6.908416944619648,-12.61288400494015,8.962956401163913
7405,-8.312227313200108,-12.746796933303532,9.87339253629843
7406,-9.002601797448275,-14.478772055565198,10.556021031333517
7407,-9.354303309627388,-16.529940241076318,12.334145503917709
7408,-10.20134110429582,-17.886088202364036,14.162233103398256
7409,-11.364259942027891,-20.579554508253214,15.286911643188768
7410,-12.57278476824375,-22.03617728133978,17.014921679422173
7411,-13.1350611245049,-25.328394948759488,18.787581617418063
7412,-13.861428654961706,-26.519637966983662,17.22595915098241
7413,-14.957692982416768,-27.60663732240972,10.229704092687971
7414,-16.344367699251038,-31.57581670568181,12.26006962463029
7415,-18.40447477834379,-32.17260843693742,18.4694858048545
7416,-22.058826795081114,-32.93103529810251,24.2324879999642
7417,-23.095219518842224,-32.16221345591903,31.095963314674183
7418,-23.782743674285467,-30.823438070934397,31.32910957351256
7419,-24.852722021473486,-29.56147033499724,54.52653505121735
7420,-25.242647003670534,-15.293065071441537,62.173161362055815
7421,-24.361997896739982,-6.867567298928186,62.37529289857658
7422,-22.875471486310726,1.1541445183212247,62.38484374312621
7423,-20.222621872879955,9.369314385003921,61.15392245454719
7424,-19.848461998673052,23.448472822919324,54.89313849904835
7425,-15.270665037058183,27.236601020058878,37.623573688484974
7426,-10.588043236541544,29.1539325569914,27.36566698217211
7427,-7.690297897456176,28.86972051702332,27.55436252573882
7428,-3.995052461856176,29.287980674088786,24.29369591330672
7429,0.004355167396518755,29.164563314520958,21.079545098103136
7430,2.858242691620383,28.78248842671313,20.958340454593323
7431,6.596168247298019,28.483618122695773,21.357291298282316
7432,11.10030769023944,28.67842672714518,22.60617511073285
7433,14.194420414129953,29.314409426593734,26.77404792969741
7434,15.384206332311484,29.219115498935093,20.83574772855629
7435,16.63256993303278,30.063984667541316,26.432736459484712
7436,17.77516423679533,30.022480684671162,28.64919161265988
7437,19.429276306087928,29.92938995193052,32.41671718306301
7438,22.57925233250143,31.715779547765536,36.70543684684226
7439,22.33019386806685,30.544194079994853,40.83654605483923
7440,25.317786267709124,28.052294371247267,40.482879332627164
7441,25.608679589779634,22.524549644228188,43.72960450229827
7442,24.720276037999792,20.145027077225965,47.88491240658701
7443,24.350935108537275,16.57296568465455,52.61853863965954
7444,22.951656811863106,8.613839857304258,55.72117676998711
7445,21.725362447589358,7.3058030199208845,56.27538257526503
7446,19.45582348786626,0.07556461705772666,56.34408927563315
7447,20.828461849197087,-6.707840281577866,57.32010370539748
7448,16.79375006758321,-10.352438453334063,53.53856107755843
7449,13.295093444853029,-15.194970242690804,40.844967286490785
7450,7.361697927602228,-17.015604194710008,37.57137319000627
7451,5.240797275568038,-17.736214388908273,29.088939212750212
7452,3.081064701193078,-17.625522483779235,26.78910427004384
7453,-0.5326468470945915,-17.34880223337094,25.574142805635304
7454,-3.857985108595708,-16.713727679360897,25.80151036648999
7455,-5.23748871439453,-16.669375916946294,25.73854564564008
7456,-6.140675314039996,-16.66011202372066,25.890189681254665
7457,-7.731765254063415,-16.632673397300163,26.298562021047925
7458,-9.68964562883327,-16.59944011237082,26.55078725597008
7459,-10.459578895927924,-16.56577130385006,27.080607578224228
7460,-11.340471438506581,-16.468006306936616,28.10335084018068
7461,-11.426107655374967,-16.369073785682705,27.430172574610168
7462,-11.739926830191248,-16.273171825539286,26.809407601148266
7463,-12.515843981718529,-16.245164626067524,28.664057893394798
7464,-12.560079572667428,-15.934781018948774,30.304384966767874
7465,-12.954358795962753,-16.1539824410452,30.274730406139504
7466,-13.574141978465954,-15.520273146529266,31.766009100190452
7467,-13.815546119070465,-14.525886355549524,33.84705946856032
7468,-13.884749930397717,-13.50001433329484,34.839600739004524
7469,-13.804001805370659,-11.752337332071402,35.728392522464766
7470,-13.676670055430483,-11.628683682643851,36.88735193091611
7471,-13.468307409557276,-10.390457098452831,37.04412520451386
7472,-13.048466142887857,-8.49041822000454,37.63244097433049
7473,-12.643597263535028,-5.767284549070613,37.710479381944396
7474,-11.77374545207104,-4.817579910621644,37.27744547348057
7475,-11.94012380148023,-3.5381874873629693,36.925795171965895
7476,-12.47652573704608,-1.8691691750076171,36.39700393902491
7477,-12.5902709076723,-0.0664662770329878,35.358020993760434
7478,-11.307621717548189,1.5182375765198495,34.681750080327085
7479,-10.434090600443046,2.1093120300842942,31.733466023726475
7480,-8.630057396426828,2.6124307378925566,29.68275054815864
7481,-7.526389107779959,2.626842421167321,28.592451912004027
7482,-6.580841469684054,2.6494957210649233,27.21877339580036
7483,-5.892224042669038,2.5082808007044104,26.17502472069402
7484,-4.929882311696456,2.462156916144879,25.314154979711546
7485,-4.2813723541794575,2.2929404331019194,24.987078012406094
7486,-3.6196951142774636,2.142182866687725,24.082481288378368
7487,-2.841478053757924,2.0670472640825635,21.690948362497263
7488,-2.494122196004684,2.0853087578453926,21.351353955872103
7489,-1.9102944696981101,1.7371442261719694,20.253989558884665
7490,-1.5887891742444704,1.5866358905104803,19.678609817842254
7491,-1.159725785276828,1.3079619294231493,19.261880895289224
7492,-0.8256821661277889,1.1972220667684526,18.408961503581097
7493,-0.6548192451570377,1.2240946356320537,19.25071037482617
7494,-0.349996854401803,1.155750176263818,18.68722652602805
7495,-0.2042020600876552,1.0498371719231012,18.197118599662684
7496,-0.09607589547700945,1.0460565704238416,18.2328481466689
7497,0.015779764532522125,1.0205596007597884,18.316074330732995
7498,0.12392026539947427,1.0218259351754295,17.634396950398944
7499,0.2779503230457261,1.0233742804485864,17.17829325511339
7500,0.2054895091462846,1.0123134188731697,16.41355265828038
7501,0.39644923678667887,1.0142608834761278,16.109117836042323
7502,0.3861057786623643,1.05360110023068,15.573110331690343
7503,0.5082924000180016,1.1428517035366368,14.985086665312291
7504,0.577711991383834,1.1236401814917982,14.868746904926406
7505,0.7308340650726122,1.1729611451675133,14.466283021609632
7506,0.794089657560225,1.2468082855162321,14.017048209843288
7507,0.8456992617976232,1.5045784135800149,14.305702195447243
7508,0.9078658323065494,1.5187125109349973,14.130516005754906
7509,0.984064218104579,1.6183896232654778,13.421756401310311
7510,1.0322913980469377,1.7207527120688157,12.75279043649198
7511,1.1146258662167106,1.7055504630378184,12.89261710552587
7512,1.1431641721277157,1.791462314309897,12.426881894513958
7513,1.2444925060357457,1.829916543646658,12.380769897047045
7514,1.3052554608422566,1.9891325854457584,12.105531618319642
7515,1.4272684923445018,2.1907121817473416,11.737676054821199
7516,1.5081443844152589,2.4798569426306956,11.35627347565324
7517,1.614744056432629,2.4668996283590503,10.568520041415905
7518,1.6496845719259845,2.505139452724314,10.376094921364317
7519,1.5741176728454886,2.913942405716286,10.188149262808553
7520,1.3893075203632077,3.244083809513629,10.444010475566166
7521,1.5670199705597319,3.274467134674234,10.289703384764103
7522,1.8324816341798107,3.5620216392753874,9.829104166734547
7523,1.9279645097254399,3.0536312493175513,9.607318167342731
7524,2.1121973689408406,3.262409450017946,9.414929727830742
7525,2.220708393412712,3.6953654493464336,9.473226133165706
7526,2.3660010716198427,3.7564925366782607,9.35986669108975
7527,2.384004333560075,4.1435415422501585,9.29911618032762
7528,2.7019177698174377,4.5092469994508475,9.200401628425157
7529,2.753123654571072,5.035136727338392,9.065337763123738
7530,3.0993219375288072,5.58552041058827,8.98680406254163
7531,3.3635307475922707,6.108013580441229,8.915524127332802
7532,4.002124496076124,6.649781167596941,8.886167755468527
7533,3.8079064615321507,7.611464497531655,8.91220984671832
7534,4.163101189975913,8.353123696458056,8.975850045500097
7535,4.2666669141006635,9.935746292926039,9.112390534785128
7536,5.192607837085525,11.977331589452099,9.34517037025345
7537,5.876477235380051,13.792082946307396,9.95322871164716
7538,4.20586983353285,15.474261802438184,10.248231633104984
7539,6.560543172731283,16.27718456901966,10.580998039361981
7540,8.057348232649732,16.35999866217544,11.82471980015834
7541,8.742345834109038,18.34522906206273,12.203249249327499
7542,10.63302969826706,20.22574045115491,14.044319030052826
7543,11.85039721047728,21.80620136693831,17.74974828738509
7544,13.186686670186246,23.043316493733506,21.27734526694522
7545,14.430753618674855,23.900394642257524,23.42231891021691
7546,14.85790973316305,24.23407951546635,26.255335941971506
7547,15.634591789371722,24.257366197640593,29.739319549839465
7548,17.20362189808732,23.70112269093119,32.191795912312955
7549,18.063076994008288,23.092046717905678,36.301058962211314
7550,18.442836501937613,21.611263910473113,43.549509352582504
7551,18.738555189980513,19.317931557123078,46.41296848382847
7552,18.791742683244326,15.018221587463124,48.01578713962321
7553,18.63075270339166,6.9572151715634245,50.187590062071095
7554,16.617602988400428,2.6525873631368295,50.145736140862724
7555,12.886975298536864,0.7730121124527762,48.44372540483933
7556,12.648638015055086,-10.075657038086772,47.49820557169896
7557,14.680144421903522,-12.125645861276098,44.38039273579209
7558,12.607915498617379,-19.145975668099346,41.77910139468935
7559,13.264843838325914,-21.47439298688008,40.22283414531147
7560,8.960183790705301,-22.009867256458232,30.04593754657724
7561,5.457174229774725,-22.01788667093425,28.77948347173177
7562,3.4630413147367203,-21.8983309973743,29.0862555685857
7563,2.393865181029303,-21.648271206086005,24.15352622547182
7564,1.7778564348703547,-21.373584703875125,21.503909645259572
7565,3.040685923339412,-20.97095463620317,20.564414552132014
7566,-0.750798561989785,-20.187129293752285,19.687853529882272
7567,-3.3810408668483936,-19.999694978023932,19.097562470572324
7568,-4.890396347074157,-20.125246375679005,19.192883042305187
7569,-7.151688152132961,-20.411547351037502,19.841110287909206
7570,-9.745025912535414,-20.630021505929555,21.77874228000991
7571,-11.121956155021062,-20.826381265428193,23.846955945411047
7572,-10.72102519837815,-21.29893071269063,24.078001416588453
7573,-11.789409385011336,-21.459064165351702,25.982725988881334
7574,-12.790381410470825,-21.4900941550992,28.527816050944516
7575,-14.272878210879913,-21.06113087385219,29.42762045829679
7576,-14.93713612767506,-20.60260000815011,28.95377109714167
7577,-14.961672566413494,-20.298153402967383,31.93379760785129
7578,-15.02159737405149,-19.034440323874474,34.782160476637316
7579,-15.344603501296158,-18.365200689443366,36.49768267998826
7580,-15.598084479978061,-16.880105545571585,37.676733969421456
7581,-15.273640259375785,-16.7699796069009,37.34975655476851
7582,-15.359712622152863,-15.867892846901352,39.80430378503709
7583,-15.445670306495458,-16.460690361010297,40.02230217775365
7584,-15.551448983948555,-14.565640323528978,42.866464368978804
7585,-15.407095316053807,-11.992438155373925,45.197185188633775
7586,-15.262997884329728,-11.97600944696743,45.90628672034608
7587,-15.01225953571452,-10.313460157657655,46.24498723237641
7588,-14.870630648171485,-9.669374272440674,46.22669469066399
7589,-14.22971022377884,-4.03234511731809,46.49211199632685
7590,-14.157967315767026,-4.255727362196261,45.73961326062696
7591,-12.751060898004205,-0.410200349246705,45.0776242536486
7592,-11.170108364148286,5.474954228986331,43.485690518195575
7593,-8.888663423737508,7.350317564269237,42.450608626891736
7594,-6.316084237017154,8.176236773141957,40.789141845460335
7595,-3.9037388328148364,8.805046157305368,39.45085427448602
7596,-2.2317209564797618,9.1648078581609,38.22072564339856
7597,-0.494887578828926,9.433920202614148,37.33342131820489
7598,0.22420518546429524,9.382411417984233,36.27275770686086
7599,1.5533407938752075,9.250768837960454,35.488519969264374
7600,2.954325924868429,8.75304979944611,36.26534407318352
7601,3.409363785151175,8.066420699885512,35.391605112026156
7602,3.92907590011881,7.774079055275271,34.873476575987695
7603,4.880590345414507,7.810090916645155,34.63927646363709
7604,4.84551825791748,7.4209549948563645,33.824596032794645
7605,5.201435555168831,6.736718692926363,33.39102250799072
7606,5.300756911104416,6.791497600268174,31.586142728706843
7607,5.557358199855721,6.483512746540181,31.591583276430256
7608,5.659559000044498,6.430647180941057,31.049733274863605
7609,5.7202346234258945,6.250569067131365,31.1383355976011
7610,5.796271614185259,5.678149766265585,30.55975888762537
7611,5.781854048067395,5.226928421973666,31.17838728320242
7612,5.697471109124579,4.966578838683071,31.62972748210236
7613,5.57958149216507,4.575424378621737,31.364227275689636
7614,5.377212207283932,4.631283626632989,29.8465343306324
7615,5.333407523318279,4.504586444419108,29.37735861689544
7616,5.23769212857684,4.549237977424932,28.503408884922912
7617,5.03671457492053,4.4746519092607775,28.27476448240281
7618,4.9870772347362555,4.556851203463294,27.544668829179667
7619,4.916264670545419,4.609204269941873,26.79972333538426
7620,4.859595381639843,4.621683265982517,26.394591656022367
7621,4.814514065979367,4.65857145766567,25.661315709317645
7622,4.797948270289882,4.755399682499842,25.61596916456636
7623,4.790002663299369,4.895579553216834,25.019815740539794
7624,4.7966642094926515,4.985104612375173,24.554926619233985
7625,4.8148817636035615,5.109989644290434,24.660000953285405
7626,4.8461358739929095,5.206731526830288,24.51268798759754
7627,4.869609016753385,5.346228077730933,24.59244718401936
7628,4.915092031180235,5.348727952096346,24.816046980445098
7629,5.044682880069526,5.428041573094918,23.82077601908813
7630,5.07767875401786,5.159504989328354,23.342113911286123
7631,5.0867399292413,5.342921949220431,23.366819897975724
7632,5.044916783998793,5.942917410911267,23.342243990802064
7633,5.184622766379374,6.105219811904513,22.838395600183357
7634,5.207241046879387,6.343330681309447,22.130674899152034
7635,5.447938574273674,6.722130889979818,21.816762132105634
7636,5.553488729819367,6.698285606990664,21.529065820554408
7637,5.702819285393302,6.933258005203933,21.1463727058222
7638,5.752319099747961,7.44270960085095,20.695558554785958
7639,5.995090469098687,7.889026831664807,20.654352475596916
7640,6.141173442981247,8.271023866819366,20.561648319549075
7641,6.411870834288287,8.71223871522278,20.43363694804669
7642,6.4926645432222845,9.227404313041552,20.458514069542037
7643,6.593883509081628,9.660901874173723,20.406422808051317
7644,6.436826523005919,10.449813427145063,20.440372027036773
7645,6.488804418641885,10.559177087753335,20.505630352267627
7646,6.724601228431579,11.425288186365423,20.60679212653524
7647,7.301395075185021,12.039563963610505,20.804406765840522
7648,7.990854163946088,12.649335026817333,21.227435677910055
7649,8.227828628801841,12.674352822220994,21.35502718869295
7650,8.360161882620782,12.883769396292074,21.8245342336134
7651,8.881042370380232,13.214041162970002,22.44757408687349
7652,8.980434068224183,13.522856991902351,23.02447709147769
7653,9.573190959573283,14.351786257344202,23.65696317721797
7654,9.476334881243758,14.608386564752966,24.863351326859153
7655,9.961837323214878,14.897185317507272,26.059270162128644
7656,10.075016781874837,14.87109866403101,26.609349787666567
7657,10.469754066167118,14.858264114884491,26.83724308541313
7658,10.984063931025423,14.838087090475938,26.953501357103093
7659,11.269079786461912,14.807252373553032,28.22128530661124
7660,11.597350343357682,14.069485876294689,29.223608959811738
7661,12.133118965289816,13.767462153916211,31.712955022350858
7662,12.453291476838992,13.666373487742502,32.44954152340596
7663,12.554007922974213,12.816929044676057,33.41381192726889
7664,12.563908527046847,11.92182754379013,33.49069410707052
7665,12.584804899904734,10.902391166551388,35.110682890392106
7666,12.510312784251173,9.418050562511102,35.643676844766254
7667,12.207366929444275,8.72926816520143,35.93929728744781
7668,12.681986917006409,7.4905924545882305,36.06183055331893
7669,12.152125060460897,5.870501075674418,36.04467266014024
7670,12.303411913696424,5.4560413372642165,35.87471649133779
7671,11.890170454455568,4.50705524981347,35.607736554968305
7672,10.191349959942496,3.885402659930067,34.97849229311056
7673,8.657121075361264,3.4867900852862608,34.02978620481017
7674,8.050134017806814,3.2312169392438475,33.34346115509803
7675,7.410640486916065,3.3230952382531522,33.97046255137549
7676,7.127214024827124,2.2861630570166525,33.55774642068623
7677,6.505947548291207,1.7051603442478875,33.26701307699813
7678,6.546589073709331,1.9414906212489618,33.50511247794682
7679,6.018971939191401,0.9667038412079304,34.04112321010548
7680,5.299907529753726,0.6376800025873788,32.66820786832629
7681,4.862451274935779,0.5350759677563769,31.570528360223562
7682,4.873431524088458,0.3730091798720293,31.014984752911996
7683,4.570962761747281,-0.015605897584246742,31.20025802818223
7684,4.142684091559478,-0.13467382397745437,29.699102508442174
7685,3.807854268472929,-0.1271806589894255,29.581119219506743
7686,3.9708318938228473,-0.22337940540196743,28.73227318685413
7687,3.7938537318117596,-0.23632402562902566,28.73434598449568
7688,3.406945223708111,-0.2770973811087453,26.358452736127322
7689,3.3731134970944714,-0.29910230277052474,25.715111080326203
7690,3.2262074395985767,-0.17117202762304673,24.71733814952963
7691,2.7447074327718632,-0.16385497844292102,23.780521901345303
7692,2.4276464573021546,-0.06311158847747803,22.34142599377953
7693,2.4985410267071093,0.04017785307057582,21.739293313229375
7694,2.0987240050498475,0.09629521141289148,21.329000645875194
7695,1.7713921906536516,0.17000659760088582,20.592508090334693
7696,1.6049285274133676,0.17771426747734353,20.173082757869192
7697,1.365873048622622,0.30304752455450756,19.576998787366385
7698,1.2243425723561232,0.45660451425675097,18.667727837851018
7699,1.1674463283150736,0.4871512546051781,17.865316509632684
7700,1.1983175414775546,0.7229355468965036,17.10123867393416
7701,1.1754118001480425,0.8484170401174795,16.41882196215998
7702,1.1415194026991609,1.001948664614365,16.27513047329936
7703,1.129915289336468,1.1880309507368196,15.97190129080407
7704,1.1388764635261472,1.3197486436920312,15.046949100839534
7705,1.1566105418616086,1.3109293294911144,14.659622825429118
7706,1.1800550852412794,1.5110588651337267,14.358732088612227
7707,1.1988906138980777,1.8386970017859239,14.646549012803437
7708,1.2926430718659736,1.895628962794739,14.058657189487548
7709,1.4621929599070531,1.9622234206542097,13.508286050135366
7710,1.5146703800300363,2.322388079799027,13.534943613102994
7711,1.5767140784663838,2.392187244600197,12.871932599771348
7712,1.6553130926236745,2.4352396342394393,12.308672515546611
7713,1.8340100440068279,2.6626576088261205,12.483494807169551
7714,1.8918779471301046,2.959474722948477,11.642983999062483
7715,2.0589698431533643,3.176499901926202,11.425253916299297
7716,2.1697953191548476,3.237965338864852,11.281415493840147
7717,2.290348312576663,3.334289930090793,11.474810525152071
7718,2.3960398851363154,3.870871883933452,10.987770572184573
7719,2.5152107599596825,4.309147972782776,10.753255216293487
7720,2.6513193481630144,4.668310689125686,10.572573771853452
7721,2.6841441542325946,5.302183863054383,10.47310497507434
7722,2.968351049603086,5.513809265669304,10.312838949151663
7723,3.191491201134344,5.376273700303566,10.148709964564079
7724,3.278858427789868,5.81707325726368,10.096357479391356
7725,3.2279304026467788,6.3571413643399275,9.99709422841869
7726,3.738745979322233,6.669341641745143,9.943390749136839
7727,3.737705494225656,5.308709197572062,9.921429447359158
7728,3.7576944021394323,6.211972064390788,9.876255974696175
7729,4.452108717941353,7.19604458012679,9.84803288046998
7730,4.199025772325282,8.33391942767365,9.881159433440745
7731,4.067708206161241,10.28316466425305,9.941482196406982
7732,5.867294825466013,10.881706197477405,9.877741853306155
7733,6.466867129498521,11.79853471306083,10.552267914188821
7734,7.464186408923181,13.585113070031834,11.07146146506946
7735,8.103505678172462,15.394004197472356,10.680053258919983
7736,11.003914192807228,15.878031242484651,10.927082901666484
7737,11.549438336869027,14.320373944467025,10.886769287706189
7738,11.817988193013077,16.955658334712965,11.331091240045245
7739,12.518639489822052,19.887862042703524,11.170397288587868
7740,12.839757395801438,24.021541760322474,14.91799240688077
7741,15.215263901816842,23.75254959775809,16.2097956225324
7742,16.207863032243424,25.02390875296678,15.484788918206213
7743,15.80373450959745,25.612465522489458,21.54676099341492
7744,16.66557713142663,26.96282514376308,28.382662060673113
7745,17.524286029879786,26.56830714992504,30.755786917118115
7746,16.578788514231476,25.73997066926666,38.38612098019274
7747,16.103108591948303,24.446950712042423,41.727868263324936
7748,15.50915709394016,22.603747150500045,45.558617229694974
7749,16.194630000700673,19.171553581982742,46.28257844531788
7750,16.412604248514278,18.995690707677532,47.6265087399402
7751,16.62526234361237,14.273137188922899,49.874617605102884
7752,16.365099669395182,17.8416230547951,50.37046735810727
7753,16.528604595967565,3.90127470061031,53.17304927832001
7754,15.153849455236353,1.2125035575702268,52.095141249640896
7755,14.799621651964802,-1.421708599324076,50.441741899108145
7756,13.019662364473694,-3.694703098263354,51.65099205573539
7757,10.549492434401863,-7.333514595993554,49.54227309072461
7758,8.631192158869185,-9.141078386303644,45.8018284088625
7759,6.229161343912035,-13.168245491986282,43.857452161817335
7760,4.092029398781273,-14.903853783974437,42.40949487698172
7761,4.2690517107738,-15.700742336280353,40.061537416998306
7762,2.167717484037125,-16.215453684108383,39.930856582398626
7763,0.33466445784878185,-16.394568318056105,44.50000845806586
7764,-0.5036554981571661,-16.61964329823864,43.16187072534917
7765,-2.83553732204886,-16.37752041761794,42.43642272897427
7766,-4.2517729149202115,-15.2708664013741,41.24269369550019
7767,-5.098693586415346,-14.740507652291342,40.50864924195806
7768,-5.89676267926439,-13.865109662670205,39.21995527218166
7769,-6.889195814821133,-11.550000108144253,38.9855884811452
7770,-7.689863577394018,-10.49954088322622,38.752710164726025
7771,-8.081418714847022,-8.907615560605947,38.66180267828993
7772,-8.140311216048428,-7.876097896480621,38.96539063981248
7773,-8.101292680666033,-6.592737032401671,38.817762960870404
7774,-7.9558065537567995,-4.497520634210099,38.053089665913994
7775,-7.263797885249063,-3.455682603129743,37.364251464244575
7776,-7.17924251084014,-2.7353749738889546,36.670646209916356
7777,-6.628535158716115,-1.406489178123225,35.81809209963851
7778,-7.14229652835058,-1.3641246590872538,36.24609174430486
7779,-6.588130578692997,-1.2407650836683097,35.19174199014926
7780,-7.0479290320080965,-1.0353652161883904,34.19387859264165
7781,-5.821842497156496,-0.5516892459764788,33.04549060097039
7782,-5.295646193765532,-0.43672087239549157,32.081123300308796
7783,-4.7785956622682715,-0.3367274489453075,31.239751745032653
7784,-4.494291111590947,-0.20392063989817605,30.40508923636216
7785,-3.9701469098810676,-0.1559741369594168,29.881758356600063
7786,-4.0876200531697195,-0.08362699766124787,29.66950459549959
7787,-3.910636189735152,0.09797792894198068,28.164283813695736
7788,-3.4923564670742024,0.10252272918744852,25.742242763349402
7789,-3.1379055626336134,-0.06352374313174002,24.58633674058844
7790,-2.9365497726156016,-0.17889922258484395,23.903151363827618
7791,-2.7140296342127335,-0.24721340241389905,23.3508246162126
7792,-2.1633176745206,-0.3932296076296874,22.57438361006021
7793,-2.2229572425435555,-0.4444261151629305,21.648030421453154
7794,-2.0941871629825957,-0.6959448426108029,20.14778664105711
7795,-2.2238753658854202,-0.7986017224530403,19.95769836706823
7796,-2.114851472571764,-1.169778192886115,19.88016664495672
7797,-1.9976706323030466,-1.3019079052888496,19.572649984090226
7798,-1.9797037058097648,-1.4259066911338487,19.47633092854392
7799,-1.9479484798908346,-1.4465731700409394,19.00843956106103
7800,-1.858559504867634,-1.4330665551613424,18.195168352722558
7801,-1.8131677510464506,-1.7728169084251602,17.64638477466804
7802,-1.8119610969134379,-1.915610372395224,17.10439369815769
7803,-1.8208895196149522,-2.0605659193242105,15.582285687527122
7804,-1.7813267385524574,-2.158423804406562,15.075106645101869
7805,-1.8458629984740242,-2.4271427813940876,14.402663201876923
7806,-1.9366679294708349,-2.6608872540148663,13.961244220850952
7807,-1.997135195717453,-2.9680174860651807,13.525344126225725
7808,-2.1565724758294373,-3.1146364089213288,13.386840441126711
7809,-2.3332650525805705,-3.359142700826528,12.885178883496181
7810,-2.3575002813956534,-3.78168603603158,12.644470757741193
7811,-2.7580744999873312,-4.06912129638657,12.4090085059363
7812,-2.8256834009605267,-5.2305120939677385,12.232490801744511
7813,-3.105965812990676,-5.678946947548435,11.979335389117747
7814,-3.366632237376515,-6.471443998325786,11.632388139931843
7815,-4.195023107666058,-7.067299532921128,11.559090754081762
7816,-4.536037170047322,-7.717500067333603,11.557043215668442
7817,-5.326320686099406,-8.154419912990976,11.600174024694024
7818,-5.558376895740558,-9.50524029913462,11.633187857211219
7819,-5.594912997658908,-10.311608336895013,11.661969339486221
7820,-5.928007677916128,-9.992441486295158,11.875592554215977
7821,-6.081072316524236,-11.181552710958655,12.307177943338518
7822,-6.374653458468088,-11.765711502632165,12.672407063400227
7823,-6.6549926967695425,-13.294576962422513,13.21008157880617
7824,-7.110952265817069,-13.560452285111532,13.615970391890922
7825,-8.444372197522078,-13.029517712194103,14.327462197080056
7826,-8.881706906180847,-11.520089803513669,15.22606474916649
7827,-9.169846238706036,-12.26858793867083,15.852400763854586
7828,-9.682069098743941,-13.565200745042285,16.8226580770637
7829,-10.796307320241674,-15.323787416593238,17.35223101094531
7830,-11.635248158406961,-15.993769397146774,18.137976431908907
7831,-11.652797646522984,-16.966910611015685,20.539702228625234
7832,-12.286973200017169,-17.474821916283304,22.420605798266482
7833,-12.841073125451915,-17.80847368195015,24.297202107737917
7834,-13.290351586433161,-17.992322228169627,22.405668020991524
7835,-13.8247096558109,-17.96555290348176,24.239185617194174
7836,-14.076013121048298,-19.418426681934978,31.933756989445378
7837,-15.77806542286596,-18.472989957976132,35.321892172328724
7838,-15.96694166158345,-16.09949337980563,37.363641744749444
7839,-15.95760042705259,-19.36688108697077,38.36416881180116
7840,-16.212286883082715,-17.027149211610336,39.563887420649756
7841,-16.341909320665422,-14.29111876635234,41.63789021987687
7842,-15.729716227958749,-9.520337563814707,42.69796763558104
7843,-15.659362090722906,-3.4484968637592166,42.959038218186905
7844,-13.687880235963291,-1.0070284084974892,42.176032690727396
7845,-12.779644504333572,1.3482326014529993,42.08926081249594
7846,-10.557988531192203,2.873520262476882,40.903587607895304
7847,-9.505744690797368,4.414224237307549,38.08275061079941
7848,-7.3429355328304355,6.061654493154754,37.1322876190497
7849,-5.990470645183854,6.119678822010523,37.17386448715816
7850,-5.277377649261805,6.527603070344575,36.67270973624864
7851,-3.1737733893271294,6.502034441267415,35.05935310616908
7852,-1.738782717941898,6.720578915780194,34.15793736952201
7853,-1.9965513295076258,6.766046852917134,34.56384128810622
7854,-1.5777878354224244,6.769002605014724,32.393109991682074
7855,-1.166336503771115,6.7693719980879825,31.036127016280883
7856,-0.9389823215450319,6.754996630085975,29.642681908716927
7857,0.23514700133006805,6.702271519954177,28.66640146889477
7858,0.43210060648937965,6.6193760653379465,28.170947354068606
7859,0.9144163751727059,6.52744527146633,28.134954585957974
7860,1.7150153512716593,6.471552141626853,27.717552066610203
7861,2.8552406793818963,6.510287264047503,27.685819819601747
7862,3.6830347592141077,6.432338193768307,26.803103619497794
7863,4.589714485531664,6.421017947950496,26.22015939948377
7864,4.772941699986658,6.452363938623622,25.77370942244014
7865,4.9372276752250555,6.488835999084163,25.46321340914199
7866,5.202240064265111,6.555726636804574,25.14554528406827
7867,5.109450632821942,6.5314094018635345,25.720741708892824
7868,5.27198135508765,6.579106647240678,25.51718056204064
7869,5.453081823408712,6.521151204043263,25.134784633794045
7870,5.576944822261947,6.580294001841257,25.562115844079354
7871,5.683551237638728,6.421436507380857,25.258663599893705
7872,5.777014290818219,6.473840394740105,24.77678177869568
7873,5.849137026568408,6.585733365941842,24.745733677261686
7874,5.94643735090315,6.9494080160635745,24.3330468778707
7875,6.18195236233031,7.291983081760906,24.092459360660264
7876,6.254506115302208,7.5244052085316895,23.963270380537516
7877,6.40433985374285,7.489046356341041,23.828373279910895
7878,6.4977606768066645,7.569989723856445,23.651963699476152
7879,6.456657620725736,7.7948419054297755,23.488510026428195
7880,6.759600643085879,8.018169141258706,23.387329609672964
7881,6.815709824479722,8.372167876216606,23.39528298889916
7882,6.898539832934517,8.52480186979625,23.332560972358227
7883,7.546558790428322,8.660546377622794,23.299371783108317
7884,7.647074653150878,8.509964594632727,23.33951175296717
7885,7.729883265290667,8.963010712802054,23.410507071174546
7886,7.983663392874103,9.120188564268126,23.567901521745082
7887,8.100134685157002,9.336969687471433,23.820766629790754
7888,8.315118716488652,9.515608383616428,23.951668359286113
7889,8.489613956455145,9.644424614172273,24.076785589174072
7890,8.565889059515156,9.904807707089516,24.128976185663177
7891,8.685514743178226,10.234307370437227,24.389061496958472
7892,8.713309367150625,10.421050327542163,24.306432858432384
7893,8.931568948889675,10.531267506009703,24.55365371150734
7894,9.217557800186304,10.8009267029987,24.735879747859762
7895,9.364714116052054,11.082014984749083,24.99279547410476
7896,9.599252455023485,11.202219520438208,25.34479801515041
7897,9.748326110309288,11.351464020674896,25.013035736552723
7898,9.84116736599845,11.435816605340547,25.87384492396519
7899,10.023339214150285,11.555445636371028,26.096432591706115
7900,10.251111410555286,11.623077850779444,26.323535909176606
7901,10.414338337142617,11.674342891321054,26.507446404651603
7902,10.620863266231144,11.719147134889845,26.438124427294113
7903,10.685030162329161,11.763738758286863,26.845537314613637
7904,10.969466507000853,11.770411813299631,27.473011389765283
7905,10.93435055260987,11.710140883223259,28.409582979275477
7906,10.976308364356715,11.539636193943783,29.015472197119
7907,11.010017824768646,11.371626505999147,29.68709156687766
7908,11.067102004566626,11.0314982799381,30.36796523268358
7909,11.062012142783585,10.014481269092025,30.71152023051121
7910,11.051201294980931,9.661429723403113,31.020452811710772
7911,10.82972125753241,8.899220553299878,31.0867509682938
7912,10.974069657278385,8.63934734415868,31.147318260237164
7913,10.711508274588805,9.222128727662152,31.249324363608057
7914,10.417875669652394,8.783947850923177,31.209429354681365
7915,10.262536779495433,8.510508569898201,31.193177304884276
7916,10.035167156647194,8.143203932934862,31.212488433674885
7917,9.835710739612981,7.915839387430273,31.191387070846357
7918,9.47774848396994,7.434104348112733,31.10483628190669
7919,9.499032684466139,6.757244725263462,30.90008328558669
7920,9.416804527494126,6.3135430308922365,30.58253043309564
7921,9.09440472063166,6.01581849551455,30.298240906174698
7922,8.949823820473238,5.462523282053688,30.084639137708688
7923,8.532436007861062,5.316652510612561,30.00453589941175
7924,8.02965941426387,5.178428229625765,29.51541544842558
7925,7.647057371787512,5.022001920851059,29.129853291337977
7926,7.23826804520123,4.873978470049953,28.544062641138947
7927,7.156930250070431,4.754827233861447,28.096841303262984
7928,6.8522711640201726,4.759872010081646,27.60830135044506
7929,6.633516585732151,4.739519433807485,26.789518485243594
7930,6.9652801024515565,4.772791741396815,26.50221771056547
7931,6.708176885701045,4.823814075282501,26.119767826887568
7932,6.5022909195565335,4.891575725045494,25.55471868158338
7933,6.3019486486128615,4.971996694890808,24.715087245749498
7934,6.137907497760683,5.158129672140007,24.378067879989306
7935,6.073815797314291,5.408821386640165,23.798764167283654
7936,6.094010334513402,5.704114018567608,23.61418047245433
7937,6.0279142117477935,5.945454673992363,23.450120276173063
7938,6.018583217300313,5.930284018355138,23.115384731716208
7939,6.00914931178592,6.089135003697791,22.81095497909297
7940,6.012064258832635,6.6373077825409705,22.727195440850423
7941,6.0039695456562825,6.875125598291214,22.65890372821001
7942,6.078927471296594,7.04976371842735,22.23935103488851
7943,6.119742331955732,7.17989491947412,22.250878921532323
7944,6.205285555447307,8.252730051200103,22.11530911852896
7945,6.365719815016371,9.113444945429038,22.118876571493853
7946,6.782490959139625,9.678619582486997,22.105368855057012
7947,6.9730001278113,10.035875730662845,22.142814895630387
7948,7.309322818789408,10.156060980189448,22.03098052638438
7949,7.761795664505703,10.369638564696327,22.199743768017992
7950,8.20138299188675,10.839084891793155,22.288533760418666
7951,8.324951316959378,11.483988645858705,22.254165952660586
7952,8.80947072070235,11.284441573256313,22.24808923182434
7953,9.115876747153377,11.695905043432862,22.852812780739058
7954,9.383936216880668,11.445824575770297,23.493455604732898
7955,9.36393390501603,11.579698397191116,24.123324418564422
7956,9.769859659214724,11.838593546759771,24.37143478950597
7957,9.888218017163311,11.89074008119443,24.762526938478096
7958,10.079595890266562,12.031936642624594,25.28580722784852
7959,10.431704560320515,11.990044660846689,25.07823911461826
7960,10.53281596004852,12.164393277015641,26.808159702661996
7961,10.65882438117292,12.169892555052467,27.721894732121484
7962,10.604196900764624,11.994449631114003,28.513838452011832
7963,10.77469000309638,12.077122395366809,28.893156278465135
7964,10.855660976595935,11.881167249234599,28.91199259410993
7965,10.807266591599232,11.77217507226555,29.90556320591621
7966,10.907965614339588,11.579974430669902,30.24789359444913
7967,11.047269259919775,11.479563805653155,30.661216786678338
7968,11.09049113755637,10.903875715547958,30.848113688723796
7969,11.061955712861344,10.400851692138113,31.214133775565532
7970,11.029726848735036,9.56331685195575,31.37577969193867
7971,10.775668216174012,8.823996431321735,31.604352515671586
7972,10.524658967160313,8.727463904838629,31.60406098129442
7973,10.291361551384453,8.002267741681958,31.673059072982596
7974,10.1383811037666,7.3929661272517455,31.649487065018295
7975,9.820373262043011,6.996903172166873,31.585838543306444
7976,9.557630264818346,6.5131377473232925,31.38521575535219
7977,9.172037178009779,6.4829145672704085,31.055955981201876
7978,8.79862623153503,6.408066585718597,30.783245177333985
7979,8.378814902994115,6.088919659568702,30.34836601060325
7980,8.10142242592021,6.098669988027805,30.205642613153003
7981,7.686764487572855,5.952734724137253,29.5687652037153
7982,7.637891727862284,5.815788587641123,29.31588740924893
7983,7.6142112201304135,5.6927853765074605,29.014275648579268
7984,7.457945058081318,5.569540912243759,28.784667688422847
7985,7.33852109988741,5.4266595590276845,28.34865792836684
7986,7.231062701474436,5.371836823677822,28.564186056703306
7987,7.262567590294592,5.286548444778834,28.090026864046802
7988,6.742813604606628,5.253625534636501,27.505967736170888
7989,6.560696229588142,5.22520665980067,27.194390124631543
7990,6.344906785962024,5.2266015735926326,26.997822817035395
7991,6.467211246884709,5.2303956336360695,26.741782776729803
7992,6.443203623345672,5.2401164745187145,26.946624305360817
7993,6.442918795467883,5.261327376810761,26.666085263980072
7994,6.346675596248957,5.290254732846233,26.026575596275148
7995,6.250103484643918,5.332272962461856,25.654640400432108
7996,6.229566280483179,5.427540756736812,25.859173256317167
7997,6.129646558254237,5.345581933699854,25.58552970417344
7998,6.061872750697998,5.397854636951328,25.098061705875505
7999,6.00489202380465,5.631619103218674,24.70399644267474
8000,5.986595617938156,5.812357127262951,24.440374511699087
8001,5.975211786998933,5.952179199663857,24.003498040835744
8002,5.974523193832841,6.197602058323528,23.794510317009024
8003,6.0022942499448755,6.2142783331721265,23.54072283944153
8004,6.009167577827504,6.530774376687935,22.57232631358401
8005,6.082514426026841,6.9494206828448375,22.319537010994665
8006,6.144416074709901,7.212464921980645,22.04288749160459
8007,6.30482706507438,7.9084429649338155,21.863481119416996
8008,6.473111340094254,8.098788004847785,21.766241147478567
8009,6.700984248908339,8.167797682427047,21.731068748001437
8010,6.970925440965033,9.27951714962012,21.768742685421916
8011,7.224831840922017,9.73341892235019,21.919472412811178
8012,7.39436491213988,11.366405522062003,21.956867108312753
8013,8.175760955084646,11.63765932711062,22.174491158892003
8014,8.383611462305302,11.950084839389934,22.464347895377646
8015,8.276611204532003,12.560565502581333,22.682566033431343
8016,9.091568520152075,13.894964017063455,22.9925793737286
8017,9.597712548562132,14.300460355022647,23.329766046041676
8018,9.599690464309667,14.604031648034672,25.00356548467429
8019,10.139328822611196,14.780403394262114,25.646119272367134
8020,11.239285334351582,14.901878575636545,26.458074341747203
8021,11.87000144954146,14.925563462505139,27.592185167430152
8022,11.648105294215425,14.89761763110961,29.56855894684497
8023,12.016530232884355,14.599436971794345,30.798357833743662
8024,11.957778086795507,13.608964585001093,32.05040406629281
8025,12.112467686563402,13.227664172416064,32.92815605522122
8026,12.175176576773282,12.319200801759983,32.36093889651645
8027,12.18568592060959,11.763385118418787,32.82216827968119
8028,12.160743962868134,10.945257106466594,33.604935532917374
8029,12.047218426704205,10.80627790321696,33.95357965619384
8030,11.923602170634902,9.621939563080607,34.42236604616502
8031,11.892659443051047,8.31303800200419,34.635574198682264
8032,11.277322105909782,7.968528463565153,34.698164707674984
8033,11.189480156536506,8.199725348025101,34.66042997677888
8034,10.417626284279693,7.093785045542596,34.648312339068944
8035,10.287975089949672,7.348961017076311,34.39603464676902
8036,9.9561408124063,6.684725299922752,34.36483712970774
8037,9.793552936832256,6.169516444628195,34.10557621791988
8038,9.570252591453718,5.194476006750012,34.28522628382137
8039,9.104915671226694,3.2521290511319214,33.23667996106383
8040,8.38046664457094,3.1995558658228767,32.49503423854689
8041,7.741703696083766,3.2606214700842364,32.09752275861908
8042,7.8386618377739135,2.886794407711128,30.93831161688048
8043,7.7181680709137686,2.656394663163601,30.236484002843326
8044,7.143279704734378,2.3377492046907875,29.552256241713966
8045,6.599354747584492,2.227836127447573,28.88870488364255
8046,6.039498683363129,2.160893631728096,28.92865412856341
8047,5.303242113436098,2.0215118477788727,28.67695044782517
8048,4.926883161971503,1.9709819994095692,28.180701961645134
8049,4.31509473372992,1.9925133725272974,27.71265931298499
8050,3.9014273193795512,1.9926587562264941,26.97884515654031
8051,3.6283671033783853,2.0155769178663534,26.47669763853558
8052,3.423774319150163,2.0491141593742666,26.5975979891576
8053,3.3321295894479452,2.0698880337940833,26.431703277366577
8054,3.1802344456530425,2.167982341347276,25.72696189677436
8055,3.1209596024862947,2.274121986189308,25.5078895660238
8056,2.996559892260717,2.388320438842744,25.475923023763997
8057,2.810815226874698,2.4445825661172726,24.755467174122135
8058,2.8087531116489384,2.361870656484622,24.57304019386399
8059,2.746587284264415,2.436775579470792,23.822424715796807
8060,2.7650293475859216,2.519588977944347,23.45502800546956
8061,2.7443826972639145,2.7065902880206547,23.137876011061568
8062,2.734384185668412,2.714005661168554,22.25271906422426
8063,2.731257704046199,3.0016775304301424,21.42196499717035
8064,2.8032366829322988,3.223237514880026,20.835621103206712
8065,2.8496766783868943,3.418626813279237,20.356236715644684
8066,2.8914564925477233,3.4693979255763137,18.999757764362236
8067,2.9396626337262206,3.0916221931642807,18.580980315812177
8068,2.963492605367793,3.2925248976710195,18.337066109216497
8069,2.9615251848710837,3.4219719754702833,18.03139261874455
8070,2.99799205802237,3.637172385515886,17.652356037977814
8071,3.083188545449498,3.697465387970997,17.140481923495358
8072,3.0767334949919882,4.094155646808136,16.740586764939984
8073,3.301960860507494,4.528149518278071,16.462055435701693
8074,3.407473440577319,5.0077630689944765,15.898018818381171
8075,3.5179965272176603,4.772382972365318,15.578342764919823
8076,3.6891981843617314,4.662322724272446,15.342270657862427
8077,3.751213024380533,5.090420860742709,14.833144812826212
8078,3.968207398105312,5.580465138243314,14.444951332509062
8079,4.146711628487261,6.14708883207323,14.289838024338382
8080,4.34458689667091,6.6972325054135755,14.183067871205559
8081,4.580939141942333,7.378815539870153,14.211228887661871
8082,5.227624039667938,7.692706157697129,14.150844365849775
8083,5.036423828574036,7.517827256484038,14.199790355738976
8084,5.176678944102069,8.316128989023358,14.199631568234912
8085,5.403125806899726,7.863094473817253,14.246586137419088
8086,5.652378670552066,8.67000625624293,14.280105293316256
8087,6.452967878438104,9.12122917680868,14.594779020085666
8088,6.623646081832449,9.684204591776671,14.86011815638895
8089,7.3555512780469,10.102149644386294,15.128273885383667
8090,8.00445325771479,10.940110088510085,15.370697675242853
8091,8.340239782745426,11.169694881012068,16.093101314316005
8092,8.579678456043409,10.396769608784009,16.88433327446352
8093,8.823862307008312,12.088807060497823,17.547333035632104
8094,9.140766513939752,11.909697375913115,18.123634406752625
8095,9.16779076388032,12.041199447186148,18.110237297742515
8096,9.004851173273835,12.844310811851942,18.303281128763263
8097,9.451591346237606,15.1451711139547,19.349528872978702
8098,9.424081347763405,16.522324509516707,19.597696445903836
8099,8.92871557989702,17.175795400173442,19.894598244786177
8100,10.104194463712185,17.44389340176283,20.844013305621644
8101,10.635599248492193,18.02429991241307,22.034783073748336
8102,10.756169193994056,18.493435091486717,22.003952699933148
8103,11.165909143668951,18.770854271693068,21.513651348627146
8104,12.240532627742384,18.734897211815632,26.980786077594505
8105,13.504451011808754,18.674899273293825,26.951206648055496
8106,14.187030019111482,18.662193940066278,32.66327529955687
8107,13.76255577438126,16.95362821684134,35.48557738617603
8108,13.857662818273367,15.467460333676488,36.51904854377765
8109,13.954347520394023,14.168836565702911,37.94405068035142
8110,13.99619720187145,13.633853452763187,42.29650939921591
8111,13.943718930051219,17.618442494325777,42.77032296769685
8112,14.304823256633256,16.682206752074624,44.79857936283663
8113,14.710282090312903,15.336496908754304,44.68406545925488
8114,14.833197291089201,10.12689793701297,46.08413592004859
8115,14.692664014922714,10.274440476760713,46.82686025768884
8116,13.965469227101279,8.769757445277659,46.779613067222066
8117,13.076196930745741,2.047610927731971,46.75305328968953
8118,10.435786819016599,-0.8200951483760157,45.90013339130624
8119,9.286045793474972,-1.1966790123554416,44.71796300859916
8120,6.807900679360555,-1.0795188889869538,44.31812727250659
8121,7.480657235060796,-2.5025893641083146,43.02499480388555
8122,6.868893773139739,-4.907386385048087,42.227497704721536
8123,5.164280048541871,-6.261607126108112,41.00049885127295
8124,5.922748210581478,-6.596100324470272,37.67766298247452
8125,5.1147203046298255,-7.077794884089815,36.072160424026784
8126,4.155279399438096,-7.430466097604192,34.33870436822222
8127,2.8690983170506517,-7.558850158411409,33.052915402065935
8128,0.16901148541948396,-7.650263176811179,30.80283120416575
8129,-0.5762270064583174,-7.659780801927351,30.288031389488705
8130,-2.2793913612120202,-7.426960610623949,28.815781347734088
8131,-2.7975348878239137,-7.337679766006256,28.42131019760352
8132,-3.1580673541203828,-7.240199001969893,27.78810452070677
8133,-3.195234526746804,-7.142866683456027,27.113873460567916
8134,-3.4743198078203292,-7.112568933065923,26.213924038796545
8135,-3.369478326414992,-7.103586197018808,25.488195976344798
8136,-3.0857111235093573,-7.125690270178171,25.078478454820033
8137,-3.1821453133079727,-7.189824460196799,24.823561638043625
8138,-3.7245528980736995,-7.224648044806866,24.314313179702694
8139,-4.136464212032234,-7.230533168978134,24.071333214395462
8140,-4.104575730349304,-7.366502373299001,23.749620990384887
8141,-4.5321498835745775,-7.33653580196396,23.377834787126453
8142,-5.208801237273552,-7.3336348884240925,22.721135457497656
8143,-5.720771369495553,-7.497785353422333,22.23273494011292
8144,-5.816266005487418,-7.897058448996865,22.048858579539374
8145,-5.902686803460177,-7.897333470872626,21.969390079048818
8146,-5.71402280736768,-8.16829936663736,21.792804255706653
8147,-6.183449233964472,-8.062973327196564,21.813974607828218
8148,-6.4569221114489,-8.750909303757417,21.940185994191676
8149,-6.685344794621232,-9.02639181503377,21.917705971811404
8150,-6.916573055195827,-9.338510997880878,21.935715848688854
8151,-7.280300050279754,-9.731705440034334,22.089566063560017
8152,-7.6106552581627,-10.17276005005313,22.196243536201326
8153,-7.856518427956205,-10.834544307257616,22.308670440923482
8154,-8.225870950184298,-10.791596387172852,22.319467707681415
8155,-8.563159117613383,-11.198990970678922,22.586753829364177
8156,-8.86213475451678,-11.584334294713432,23.152630431138725
8157,-9.398333512344085,-11.916250803788545,23.45182810043201
8158,-9.619664500255809,-12.496527883597205,24.492351551230026
8159,-9.813037038947288,-12.668588494357289,25.033854948536643
8160,-10.21620066333288,-12.802550155062832,24.459467080361506
8161,-10.465383436787233,-12.911318214555642,25.443633769203814
8162,-10.794702764882933,-13.024820717349609,26.39320071689427
8163,-11.012589277584482,-12.95600462012228,26.65489701992537
8164,-11.195702935888331,-12.975501197012113,26.81003759270743
8165,-11.526060197590319,-12.979420497127084,29.40871898560263
8166,-11.677391333424408,-13.21898205124692,30.729572512876757
8167,-11.7276781402154,-13.126189480481342,31.586330604355556
8168,-11.857497641460059,-13.107493820443649,32.342515649615095
8169,-11.981324111126302,-12.938383069013122,33.06408685510166
8170,-12.040319389226955,-12.308175240275602,33.62907439950759
8171,-12.076740253498967,-10.21867821040466,33.91947660626692
8172,-11.785305487936121,-9.13623930729846,34.3965974131255
8173,-12.02946307664284,-8.312083401435101,34.79645942266663
8174,-11.295924831943033,-7.8125214358758654,34.91502714546279
8175,-11.329828565912678,-6.745589608884615,34.86469851786173
8176,-10.924927690950462,-6.005999128650458,34.719688376861775
8177,-10.286590315302481,-6.13067032757736,34.312268290475195
8178,-9.875711222805679,-5.3346577843033005,33.94720115341481
8179,-9.26688084523426,-4.847897936419417,33.555416352060206
8180,-8.575997163601171,-4.619522447540336,33.41643263831462
8181,-8.43362017327006,-4.164484468972339,32.59652167018201
8182,-8.123053128051044,-3.5088087921403437,32.5623214626278
8183,-7.681507913892763,-3.2022991368212987,31.903528176660004
8184,-7.003298750691212,-3.1934879481384413,31.027857669017397
8185,-6.468481521085657,-3.0430233729948672,30.417361913253618
8186,-6.561617831951748,-3.013647630985988,29.751925981273175
8187,-6.251386802688801,-2.847895810359343,29.235278614836126
8188,-5.871005245468941,-2.6706711184471734,28.479217128035586
8189,-5.651671597730989,-2.6567023245577537,27.139952184900196
8190,-5.399425199470761,-2.6873986709537356,27.133681495830015
8191,-4.852462952675447,-2.70091173151161,26.090815402493313
8192,-4.435933333380691,-2.7747137683819156,25.403518024352287
8193,-4.283873182698754,-2.8501815149033076,24.76047634025487
8194,-4.152705212423634,-2.8612138645713414,24.309367252671414
8195,-3.9932013187502746,-2.9400550685324975,23.13733695554207
8196,-3.9041546281605726,-3.762883885385648,22.91485973548766
8197,-3.885666472924,-3.977366746468816,23.458045045576785
8198,-3.8891474871437124,-4.145990610399645,23.07827315882722
8199,-3.9139085758942453,-4.312349896142253,22.380078160260783
8200,-3.952724612548369,-4.584607338854793,22.198026356000756
8201,-3.981772119554577,-5.023811343767768,22.13918613728559
8202,-4.083071489813116,-5.687466409666341,21.749117943021037
8203,-4.275462160607863,-5.887605767917009,21.317208827536394
8204,-4.467160484817187,-5.994579142416767,20.974988934070375
8205,-4.636066782866644,-6.306293449073609,20.169168236176336
8206,-4.786109502328035,-6.607052306355582,19.881696472618195
8207,-4.738014061056048,-6.847928870740738,19.67105900020843
8208,-5.153646697734599,-7.1700744554217115,19.45086082231172
8209,-5.303047263580984,-7.772241368651748,19.018494667420608
8210,-5.120084344542511,-8.247071924401393,18.89197526892818
8211,-5.370327965510729,-8.421982890312432,18.800208233153672
8212,-5.290012529575776,-8.749913893993966,18.856826357866264
8213,-5.614488750723931,-9.09664542155979,18.738005852370417
8214,-5.835580928210272,-9.277103357836925,18.749502598107387
8215,-6.451053495172667,-9.474134654177815,18.738600714490993
8216,-6.653493051913792,-9.866695429589498,18.896376032423596
8217,-7.020785608143541,-10.301019331590057,18.889112979237243
8218,-7.3115324176786896,-10.550692302107796,19.20226094090606
8219,-7.591590062628736,-10.64040188806029,19.491764852898115
8220,-8.050374272572817,-11.581143310944455,19.78523338425876
8221,-8.795610679356962,-11.21123346144872,20.065236128335467
8222,-9.074815634519494,-11.595514177394508,20.401762038465577
8223,-9.200294776430725,-12.181305899627066,20.8654561378111
8224,-9.747416272242575,-13.169467150399807,22.438913078590392
8225,-9.697209416820904,-13.559066051509232,22.807488046929194
8226,-10.30981411837071,-13.893905290263415,23.53949712917254
8227,-10.941623726447043,-14.121100132404155,24.076441234580585
8228,-11.066799359808337,-14.759608163285163,25.306818550631956
8229,-11.525995611511982,-14.969254466695345,25.273463566092826
8230,-11.525940359891655,-15.096366905575964,28.661091684736796
8231,-11.782192144281886,-14.860474847954865,29.553179533005228
8232,-11.733421747305721,-14.184135266107436,30.150657850868647
8233,-11.971045416329524,-14.184128661188815,29.944821365330768
8234,-12.000342564518657,-13.808444373303733,29.86734121417546
8235,-12.221414069310768,-13.384681454685268,31.684205673425385
8236,-12.394170178967874,-12.466960167199115,33.203619787008265
8237,-12.397125321442042,-12.387327600153506,33.752051845129465
8238,-12.395411574741237,-11.42155964009697,34.39748656720826
8239,-12.245551661183669,-10.638724937149181,35.09124956439801
8240,-12.138538404142048,-9.6637048127871,35.353542521232654
8241,-11.930082522760896,-10.585659297091482,35.559608778231734
8242,-11.784781463807917,-10.318987541550358,35.986194047773544
8243,-11.634663477548328,-9.47001439552083,36.3655791933606
8244,-11.42910718304466,-8.210160138472373,36.49844051024321
8245,-11.135940163961203,-7.677353680746338,36.500679691251975
8246,-11.252056081674846,-5.356929683456377,36.340394140083575
8247,-11.000308518294506,-4.792495527951226,36.08032911591991
8248,-10.26323221010237,-3.694558571042248,35.865751575741086
8249,-9.326968276445857,-2.7639093870609703,34.82493327537289
8250,-8.551379537084724,-2.851174485051318,33.089511198756426
8251,-8.110508881900396,-2.048214835252736,32.376762883836435
8252,-7.659431773377016,-1.8894597870394316,31.255791693862104
8253,-8.07966873502557,-1.6047294998460475,30.518244206666694
8254,-7.794244524981351,-1.6276687440004975,29.902917303479438
8255,-6.945284303532285,-1.4851120984728836,29.40164596998092
8256,-6.288100229754145,-1.3484214167113562,28.641604340528048
8257,-6.237503188037527,-1.2825616527953914,25.658130259771145
8258,-5.7366725903555835,-1.3493478956294678,25.561863252525658
8259,-5.355479864768985,-1.3899810125685266,24.906586630965847
8260,-4.872796383703247,-1.6859428733950408,24.422241115530138
8261,-4.262771785292904,-1.9065800931271168,23.671163701948366
8262,-3.5886485851036896,-1.9872576400882471,22.93061458562541
8263,-3.4357520066861014,-2.159239321525893,22.684818881943666
8264,-3.5105603842252555,-2.3346267051924317,22.06062351918406
8265,-3.386001776412859,-2.4760903807141,21.836345487519395
8266,-3.1506678092043687,-2.6158986324763456,21.393370614185507
8267,-3.119361441836352,-2.7140095644014965,21.47278138331879
8268,-3.1073494302407134,-2.9913460386366544,20.493066516869607
8269,-3.1046783246043868,-3.3460093630555914,20.370664254310995
8270,-3.060593085877109,-3.6441634835216745,19.83838002328488
8271,-3.0732927307497344,-3.907550657819117,19.706959383156562
8272,-3.1519141525749257,-3.976306326779318,19.048519821095834
8273,-3.250294761613264,-4.294585631338059,18.620398895607828
8274,-3.398306932809297,-4.473469252527657,18.213289396139736
8275,-3.646263770631689,-4.757101105656613,17.85151896585838
8276,-3.7686533479618616,-4.97390334627917,17.30974193500367
8277,-3.937022312630447,-4.645959677823776,17.05146599353995
8278,-4.01871206314463,-5.075947356232936,16.74344887519632
8279,-4.105571728461242,-5.063936080337207,16.610407994850757
8280,-4.221529775388103,-5.431272866788457,16.358414223332538
8281,-4.191990901702941,-6.065229434177603,16.493321620497834
8282,-4.382173482974513,-6.277479332207726,16.50294910153291
8283,-4.598107962857965,-6.620752329745335,16.211955556613816
8284,-4.671654302617139,-6.908288213228297,16.302821033178343
8285,-5.058518967884708,-8.110514585273833,16.29040969799531
8286,-5.436524429309875,-9.35085245971878,16.2271625786588
8287,-6.253608358657644,-9.510558777935,16.281492387284533
8288,-6.664197682838121,-9.275301063632957,16.73968172119822
8289,-6.896851248390011,-10.065609135233151,16.471848004438332
8290,-7.254556489897776,-9.993991200838511,16.848596370611848
8291,-7.582209813068234,-10.834202369966532,16.382389575913713
8292,-7.906397764565799,-11.928913261927631,16.390605970715242
8293,-8.666349058871393,-12.270911925210216,16.347562897672653
8294,-9.028250779613497,-13.538410604570416,17.268566601720806
8295,-9.394987515107113,-15.120786677175197,17.425101313335364
8296,-9.490951794819974,-14.10033991882153,17.209290593431422
8297,-9.997881052558123,-14.422267642504002,17.83253732957127
8298,-10.223535438086975,-13.528019395873166,19.316130419549392
8299,-10.538066424853438,-14.29228194660173,20.661706280678224
8300,-10.901113837775323,-14.412532504293956,22.08186089868765
8301,-11.391189887639408,-14.873869289125844,24.368877787286827
8302,-12.141518949203116,-15.261224842094544,26.06004081989302
8303,-12.43956160394581,-15.34682311570311,26.74589065521141
8304,-13.341535148824098,-15.349287054794075,27.885696544581148
8305,-13.485424544762695,-15.202253249022394,28.70770285439069
8306,-13.638421068539271,-14.985895794831904,29.75378347094068
8307,-13.806422235939017,-14.690679330927292,31.49733222724238
8308,-13.855094434182512,-14.3337461476406,33.586063202856145
8309,-13.913465996483309,-12.157905466298388,34.73719730486429
8310,-13.905487078963095,-12.083186215372061,35.57953493219196
8311,-14.091331769142787,-8.654025839135906,36.94095504326189
8312,-13.934229231277628,-6.551409593630106,37.522334431609856
8313,-13.204584188655577,-5.817172387414336,37.331182497511
8314,-12.458724654505575,-1.5101911331764182,37.128180121742304
8315,-10.962848520997914,0.07294429192284868,36.06185957094359
8316,-9.564329305067119,1.2418573778441957,35.41619039358472
8317,-10.969519873467863,2.0366597612649424,35.36109844009625
8318,-7.27036027470707,3.318401774569511,34.83448739862068
8319,-5.77168129770571,3.4563179046063746,33.82384526843026
8320,-4.347991810680375,3.9067882688536577,32.34470156507841
8321,-3.3003836052001416,4.2587018321129495,33.416318721957595
8322,-1.8017994000651936,4.397361232384694,32.73071033065973
8323,-1.623822971938274,4.425451493172822,32.135829781556
8324,-0.11998192571028232,4.449486060414605,31.682357892284223
8325,0.11103176505149231,4.418668070443623,30.420478304152873
8326,0.6645915344153173,4.265770235641516,30.010725089219466
8327,0.5353260979411674,4.174605912956694,28.963168377168035
8328,1.4158027723541065,4.141344594598779,28.301907953337405
8329,1.8007037098048175,4.067470230990484,27.797366476343942
8330,1.8513790730311896,4.061652749052332,27.06803351826557
8331,2.0080140320831448,4.040064064219282,26.44782915796382
8332,2.186859649060342,4.019781283084443,25.77791244503035
8333,2.2929230590784124,4.035973483017135,25.534026553022297
8334,2.7214826060922856,4.07109199624499,24.79738972483375
8335,2.8789322254875263,4.113313942907435,23.014475923269345
8336,3.0610157266400333,4.19902595973045,23.1429045094005
8337,3.1562608827513126,4.451265830417799,22.671079509753746
8338,3.1203136665141136,4.5211346440185745,21.737608117604974
8339,3.2560659583112175,4.7027270399942545,20.933893009253442
8340,3.3813771375304436,4.8087813801825385,20.708154182904128
8341,3.453201049874187,5.025849316637851,20.355533940600033
8342,3.651993934914565,5.127392478618278,20.004093537880163
8343,3.8292609491994143,5.416625946829818,19.450753506360662
8344,3.9528410206989912,5.429579218597591,19.228211164100845
8345,4.008026587719515,5.712835203918538,19.001971511427666
8346,4.2974724702856975,5.630984005411913,18.708036341967418
8347,4.492632088597541,5.318080752786376,18.54067798102901
8348,4.4693540172186905,5.695524643481585,18.294984452573562
8349,4.518671603146435,5.658318885665641,17.887016016229595
8350,4.6218513615849695,6.05490143527395,17.415737728669445
8351,4.824072904938291,6.20152279458548,17.058498736369117
8352,4.9515886905689355,7.061391210090104,16.929497217729104
8353,5.1326616794868185,7.78805312122676,16.919892721761133
8354,5.221350914261625,8.330771516562475,16.877877792719165
8355,5.3796490517522715,8.765696999558259,16.857498909560178
8356,5.801261088985476,9.718595558738393,16.879408829416
8357,6.151513036630377,11.537741279444168,17.0062934538125
8358,6.942994050290728,14.327030263719386,17.14645913787395
8359,7.609773957144856,14.472241044159485,17.39480759826598
8360,8.368706204752936,15.973616487231123,18.42847229411477
8361,11.541545361868048,15.763071796867456,19.139759002965672
8362,12.016570676369925,16.948768834273206,18.21244853766442
8363,12.21268872345412,18.350202228128566,19.715721457566303
8364,12.84261085762098,19.262331592604927,21.835204763905512
8365,12.398421720255396,20.86382653440839,21.076549712447925
8366,12.769235348837501,21.64878637238978,22.027851999717598
8367,13.663724225703326,21.88935232621291,25.658430925208073
8368,14.600707678722005,22.01559911847992,28.289085161513356
8369,14.868174127825421,21.874880188886177,30.783793220197907
8370,15.105663908879013,22.074622670206143,32.58452176461323
8371,15.541823568764935,21.214684918647343,35.51271075154288
8372,16.33364519428894,19.544314087060954,36.591329684205455
8373,16.625127603899703,17.912130332942052,39.448147922473225
8374,16.779766052907046,14.945174967034207,41.860395403576135
8375,16.599451007515714,15.242362185681273,43.01713103144415
8376,16.47178897037188,12.539701732248934,45.261229821472995
8377,15.600606919948667,5.324323790810118,46.48880853100022
8378,15.026824486817084,2.515103231853784,45.9118704012121
8379,14.290160208287679,-3.451790193964105,44.82168040078299
8380,10.888902450019232,-4.439079409218841,43.139869772736624
8381,8.441129211939472,-6.845363574039874,38.12784236048962
8382,5.101286769636995,-7.920443951407658,38.13131412391599
8383,4.521567021481329,-8.217048940916774,36.040470812800365
8384,2.476136309347164,-8.380063002580423,33.33078931840177
8385,0.5083749374453954,-8.384858616619649,32.27739205452036
8386,-0.08441467233362909,-8.368557075079908,31.94215244159575
8387,-0.1283902274029885,-8.268655234664397,31.156567959038814
8388,-0.8259376907673264,-7.974290178477617,29.136283119401373
8389,-1.516197028037098,-7.846120995660804,28.47680998087058
8390,-0.902971918544348,-7.797864825457534,26.987518191220865
8391,-1.646230213095785,-7.663046681661887,26.324843908367356
8392,-2.3169789115824013,-7.599418006329669,25.773838032406267
8393,-4.056985729321289,-7.562042719515084,24.95501266022437
8394,-4.629041373605351,-7.601866815634494,24.991844636975404
8395,-5.054651117454213,-7.660217355789679,24.713108348794332
8396,-5.245567334322855,-7.675502855004288,24.536352146878244
8397,-6.003439057893136,-7.833196564471578,24.184576038790592
8398,-6.161551306072829,-7.845217465191468,24.027562907090182
8399,-6.3151125142860245,-8.116095704677582,24.069112351879674
8400,-6.523614134061942,-8.302163051434883,24.004663015800833
8401,-6.738746094611523,-8.397618545172534,23.940099790410926
8402,-7.0243416617575765,-8.628218174138814,23.91331001026654
8403,-7.177251000743271,-8.942004638922334,23.880696795231284
8404,-7.187062067435922,-9.217732447682147,23.884015598825933
8405,-7.524085718939821,-9.402798609369142,23.90833564560203
8406,-7.568650296948836,-9.468885105516973,23.985752630302915
8407,-7.673552435592838,-9.69821188096903,24.073827478487303
8408,-7.940771182780914,-10.039255928806625,24.16037335382086
8409,-8.130023409082463,-10.406419618848643,23.706598126696743
8410,-8.319944971166846,-10.467245862472234,23.73924642793406
8411,-8.388049156509307,-10.809226447296004,24.269801337747637
8412,-8.571452998302751,-10.965240624115907,24.709938055818345
8413,-8.882157496975685,-11.086402401502346,25.01984270468304
8414,-9.28425098125567,-11.274302949069405,24.984279737101165
8415,-9.517968718592275,-11.091625333460222,25.660418797723644
8416,-9.861182921722818,-11.05600707708847,26.04415993007383
8417,-9.952557795125713,-11.155524412030376,26.123319679434303
8418,-10.008801156988836,-11.350139131899203,26.396818261088377
8419,-10.09668821321722,-11.41014528027984,26.681800206467393
8420,-9.883475214460924,-11.425673782954824,26.78936183066734
8421,-10.08697923082702,-11.42988761181992,27.470900183563415
8422,-10.31751920637121,-11.414812875168126,27.948903833515203
8423,-10.382105666358477,-11.443683801061175,28.347686924597483
8424,-10.421126098539224,-11.414922989101534,29.25972510999235
8425,-10.54017317314586,-11.115443843196706,29.392246769878774
8426,-10.644314892150296,-10.629209992221513,30.122254007541574
8427,-10.641614074292582,-9.23439615585346,30.272795050517537
8428,-10.559202865330874,-9.421549203533326,30.48352293223858
8429,-10.424775920754419,-9.408140802590063,30.789671631772986
8430,-10.352902671482328,-8.955391474396219,30.99090867740222
8431,-10.115401677839007,-8.734617503704598,31.21854655905376
8432,-9.9395391145128,-8.151256958498944,31.249013930502528
8433,-9.789711242179898,-7.754267430424468,31.219274086724788
8434,-9.192947622872316,-7.356415763777251,31.187262117305117
8435,-9.011987159029877,-7.1414120321777625,30.802734823255296
8436,-9.121010443424218,-6.951570165529729,30.65906170837998
8437,-8.90003154775092,-6.70815906558934,30.52683558888139
8438,-8.602105914621497,-6.414536458631724,30.058106362984226
8439,-8.353515921509642,-6.145087924423294,30.240616468921356
8440,-8.102873824867837,-5.551783653904766,29.994338371270604
8441,-7.759757129043827,-5.238626139248062,29.627404056422186
8442,-7.478355528256924,-5.268418989725036,29.166533422024056
8443,-7.4302102017065685,-5.138127885962539,29.01548666323826
8444,-7.022991043543297,-5.118222285142304,28.544900397210103
8445,-6.884022298009023,-4.987734195700689,28.06670258697139
8446,-6.664178842712694,-4.941365700316087,28.15753872002229
8447,-6.399883234589294,-4.937683862458471,27.489050677197255
8448,-6.574131101720473,-4.926336778262611,26.24000229780515
8449,-6.368221237895818,-4.9820671174772215,25.840877721269955
8450,-6.054863791154924,-5.079394613189448,25.372741060728096
8451,-6.03093300385244,-5.261280969218191,25.22292243413011
8452,-5.895747397343431,-5.341010054366213,24.947809042104062
8453,-5.784370182685218,-5.434413749854941,25.31642651575468
8454,-5.738399130582746,-5.566050811122562,24.78429835295316
8455,-5.716168163750533,-5.892239534796809,24.804289909227005
8456,-5.6562855926725994,-6.015470362727401,24.540606124089226
8457,-5.680349457844028,-6.11543189057832,24.435919888671002
8458,-5.728401610619135,-6.2293084804602135,24.03551981799142
8459,-5.782015592825776,-6.203934787419766,23.714743596078034
8460,-5.820861805613189,-6.211389727092489,23.37244388274248
8461,-5.869024706528008,-6.360024971650461,23.17825364653263
8462,-5.918950715828071,-6.660114183611578,23.013444007334073
8463,-6.036085476725258,-6.88408956079387,22.902350721681852
8464,-5.937318995013041,-6.761377333435786,22.629813328264362
8465,-6.086647852099208,-6.989563691215184,22.329212108810157
8466,-6.111269168989072,-7.139101167847435,22.36948649945831
8467,-6.271197229529302,-7.610467101636172,22.18025599395236
8468,-6.409387105928722,-8.04820382566623,22.062998952122637
8469,-6.744872393943842,-8.780783899991233,22.040697246248442
8470,-6.905860733560908,-9.431649610367623,22.04450751148467
8471,-7.1198537410120455,-9.716497072092523,22.17974163494694
8472,-7.3473850392334725,-9.741014305481304,22.40263895759516
8473,-7.795693891006391,-10.105839538584998,22.514940545801558
8474,-8.069806606359698,-10.30069979224143,22.64231437332438
8475,-8.099269668709237,-10.513491534503617,22.745879481882607
8476,-7.940017161734534,-10.656006861446734,22.937565937374615
8477,-8.682676332232015,-10.940045507546683,23.70073936335926
8478,-9.17810295770399,-11.382807686076301,23.744776049376267
8479,-9.298839494771801,-11.204341925014795,23.67278196594708
8480,-9.727558800212782,-11.465185883401192,24.2305201865974
8481,-9.90356960201678,-11.294349400536218,23.994580445028767
8482,-10.058473860196493,-11.507997151243318,24.83978001288548
8483,-10.391235146126254,-11.730741962805041,25.619541653501134
8484,-10.748239011625806,-11.817521581119676,26.378429848518728
8485,-10.925149275719463,-11.95452453181255,26.96047672097648
8486,-11.070227495484986,-11.948966365445463,27.83160762309211
8487,-11.019670315693514,-11.937744608332727,28.68670153291021
8488,-11.119650920577882,-11.739916127378958,29.547580892746453
8489,-11.171182076812329,-11.40532689505664,30.867833481200982
8490,-11.218089698632141,-10.965906394544287,31.237794298360257
8491,-11.208058970390722,-10.450505208538882,31.587606987037965
8492,-11.08452266505209,-9.842390414139599,32.11759135654763
8493,-10.674366302220507,-8.601586192140191,32.53387884905029
8494,-10.161456155334236,-6.475015270405252,32.626238581344666
8495,-9.846787577872155,-5.772834551938262,32.450336312763824
8496,-9.489988780134285,-5.585227409001579,32.10010393449822
8497,-9.007579200555607,-5.20413400260767,31.962301799158258
8498,-8.336524077091159,-4.758484692416921,31.106726678572517
8499,-7.8515298461559295,-4.511990583304191,30.69206171494768
8500,-7.330895911212127,-4.146454795610607,29.598323511976
8501,-6.8174004805457855,-3.9751248660607676,28.950058701690406
8502,-6.580762083343756,-3.8950451661163608,28.318331023454732
8503,-6.1355462175575,-3.8405398637110904,27.98130470964578
8504,-5.572116905456749,-3.777819740266166,27.00954567834422
8505,-5.367817120354962,-3.812419055432773,27.285784619160506
8506,-5.22473565416301,-3.812520583837118,26.728931626197202
8507,-5.056944070749576,-3.896706135927076,26.957158391237098
8508,-4.896648060096559,-3.9203820375094254,26.399616309558695
8509,-4.762501487295306,-4.005390691892286,26.23138127360793
8510,-4.7478946646950995,-4.043650015225652,25.415343617759262
8511,-4.6885915152001605,-4.096672274693073,25.40687857726596
8512,-4.629454931306753,-4.122746608153326,24.002491853224992
8513,-4.618839673665352,-4.132304144515512,23.355018008880766
8514,-4.5659269645402505,-4.205017948333686,22.973111150545538
8515,-4.563287802599221,-4.232561654213159,22.4902472905094
8516,-4.524448541331607,-4.306732746789318,22.87823059158242
8517,-4.512292868660808,-4.41602411822364,22.09625009750706
8518,-4.507256317366992,-4.750761216647389,21.757570004709304
8519,-4.530187920734047,-4.9107704230281355,21.395482480914062
8520,-4.654596026987641,-5.1570721385519604,21.00886005259799
8521,-4.743546386792621,-5.494661062359669,20.521065452870687
8522,-4.847740266708552,-5.695855508981541,20.29034705561451
8523,-4.933947993945356,-6.002108370161679,20.377861699634224
8524,-5.0518055269773665,-6.2952692845059905,20.005459140835843
8525,-5.229592439049134,-6.694094583008653,19.784134564860917
8526,-5.382849842567097,-7.253539276095002,19.2272255008006
8527,-5.597439112277082,-7.5757122278323035,19.081997385682676
8528,-5.817948364141262,-8.763059220244779,18.99213670505219
8529,-6.038745263944002,-9.195451259335623,18.994663377017936
8530,-5.882701577996794,-9.548959796363404,19.0865184415296
8531,-6.304022822197003,-10.116694163890854,19.151658945013885
8532,-6.5372360708705095,-9.43221183292698,19.35882934162396
8533,-6.868244040134168,-9.695766057846727,19.46267835023801
8534,-7.137121398917303,-10.062119882833608,19.62571302704554
8535,-7.259406752899543,-10.45406222700654,19.952654611393235
8536,-7.563049626625179,-11.056623925431664,20.210726676492953
8537,-7.568803681880231,-12.533992700844504,20.8419662715367
8538,-8.541903183503123,-13.063748283113036,21.360210999900247
8539,-9.029971295579735,-13.72553299603935,21.956470569098876
8540,-9.280841624689062,-14.238497489033145,23.203682386569394
8541,-9.616163215641484,-14.674693232652286,24.067960609724018
8542,-10.954779377113887,-14.716742391348019,24.977596279378215
8543,-11.1737009077672,-15.07051246589357,25.712786062163598
8544,-11.620881877460686,-15.138853865727912,26.424101873643714
8545,-12.614892171521092,-15.194108994651506,27.812392451049664
8546,-12.797338289057663,-15.100532371215268,29.13672943591099
8547,-13.074311017242255,-15.132060229279178,29.753360267865794
8548,-13.347879100807086,-14.513433800542707,30.605278885541622
8549,-13.379310781374581,-14.12287213311156,32.470448687271976
8550,-13.441994294445418,-12.70145025957387,33.612078770704144
8551,-13.402688070663393,-11.554970741289708,34.45117172300265
8552,-13.20246862460532,-11.324225618621025,34.99310067286555
8553,-12.851335478373622,-10.352484802176122,35.026947922545496
8554,-12.564688244961758,-10.050453986473812,34.790492026559534
8555,-12.275556049655096,-7.803817756205478,35.11114196838799
8556,-11.460999584322197,-6.025621519060049,35.12853495721561
8557,-10.86683269784283,-3.516581063036042,34.97655577413139
8558,-10.062735735072962,-3.9453108201830545,34.415953365679414
8559,-10.11235217090969,-3.283576686323569,34.10294276379017
8560,-8.817528871929216,-3.005614349229849,33.76256344212007
8561,-8.238242239818696,-2.6187730208617688,33.02631314903196
8562,-7.805517433049129,-2.108561184198272,31.752331514257175
8563,-7.160447440604911,-1.7507313870434302,30.803953459356435
8564,-6.39856338717027,-1.5106125736523586,30.871955862158675
8565,-5.868363469314522,-1.693367730972617,30.17856560668458
8566,-5.870784150970289,-1.58936091081667,29.51548087238678
8567,-5.844705883716283,-1.4819820924315417,28.28491846821276
8568,-4.917519084997051,-1.4314357617213067,27.468032671881144
8569,-4.830868479565327,-1.4386640231598744,27.054205161220413
8570,-4.5165451730483195,-1.4594597733809167,25.28458333069986
8571,-4.318612908142162,-1.5657480235730665,24.092961082772113
8572,-4.115442414239768,-1.7533293102287375,23.297972046862448
8573,-3.9853577141601684,-1.700553705040647,23.297848535824542
8574,-3.7642849286926072,-1.8794843716038343,23.421696002182312
8575,-3.4603904652655926,-2.1087887321903507,24.290377177376104
8576,-3.335642342317794,-2.175925862681573,23.769745146279142
8577,-3.240547400882723,-2.205979072888449,23.309887013350895
8578,-3.1186487083617216,-2.3528785728193125,22.757962290685327
8579,-3.0443375476898016,-2.5204685928214654,22.212361768201397
8580,-2.985961189002286,-2.664679234776686,21.647693813429353
8581,-2.9446067302047108,-2.7703977263104544,21.19244674641915
8582,-2.919845404658223,-3.079813541732069,21.03799861454906
8583,-2.9233009476726677,-3.3274177974855084,20.707792595985303
8584,-2.959933389949159,-3.4264603546281793,20.976044261604073
8585,-2.9823109024551604,-3.646820763800838,20.531714247564214
8586,-3.10179402022304,-3.6781577901842217,19.767492701636826
8587,-3.135551053344735,-4.006332491888221,19.902593984999147
8588,-3.2795424216374527,-4.129966494819224,19.79103861909929
8589,-3.4541690583892457,-4.438924664715072,19.28698024767501
8590,-3.4721530218433507,-4.721958111176797,18.0281358745632
8591,-3.618626946112589,-4.86056566251092,17.735159778050193
8592,-3.7743966870119277,-5.231267784628029,16.908319014247695
8593,-3.839688850451464,-5.643921602837299,16.583759212004356
8594,-4.196428331349933,-6.033115870389886,16.40352979150247
8595,-4.41667918165781,-6.633172649433179,16.278857682310143
8596,-4.774309683650166,-7.048764662084353,16.109985315843062
8597,-4.958970555258069,-7.528056233297256,16.00227298246052
8598,-5.568602211703101,-8.847232116894721,15.987965744896648
8599,-5.931830906737858,-9.452134783199323,16.046288764839108
8600,-6.508284680300602,-10.129469749256506,15.764392483095511
8601,-7.029678203469527,-11.111237263234026,15.986915516533772
8602,-7.590067432616773,-12.163277691817685,16.27775138585599
8603,-8.075339126523252,-13.764285614321189,17.031124258302942
8604,-8.572322475688775,-14.419797465599185,17.116545892991248
8605,-9.480664008084812,-15.277523765896008,17.840211816807994
8606,-10.436174902061357,-16.402463533873828,18.960134826258766
8607,-10.977199175504017,-16.979217645278094,21.594659072295737
8608,-11.444798192855723,-17.446037908368023,19.01171480261697
8609,-12.118642991621002,-17.96578144581411,21.50235428580861
8610,-12.740110560721435,-18.986821981108363,23.01705875700126
8611,-13.149926653019296,-19.72431921084858,27.573117169116465
8612,-15.355887579195056,-19.5868168392793,31.148560591499077
8613,-15.676010126689482,-19.038432110822345,33.673283476619616
8614,-16.446710339835132,-17.893253368380694,36.657868890315854
8615,-16.61807800309261,-16.16477283051605,37.63408893531683
8616,-16.50854497652611,-12.176141176761469,39.57648663492402
8617,-16.20943958894411,-9.662828895736487,40.6841013960549
8618,-14.81647179408068,-5.643775239586005,41.44249440034927
8619,-15.856242909640867,-4.183468784017045,41.005706881959945
8620,-15.230388461022095,-1.8255798223470285,40.43590826918149
8621,-15.024598665059951,-5.852489228709285,39.73200079999623
8622,-13.988778358227233,-4.664042183393107,39.63706575973261
8623,-12.886622686953832,-2.308679099284593,39.358977830167404
8624,-11.533665337855542,-1.8294789178476736,37.97858318348666
8625,-10.336815124544062,-1.126892639953476,37.07472588943246
8626,-9.204888029163895,-0.1895517206461862,36.8061293738607
8627,-9.313641737403076,0.5093431565039496,35.952709030908714
8628,-8.402493331288063,1.174486322914496,35.27520754930883
8629,-7.416426355248102,1.8351326552334215,32.75002324750537
8630,-6.140609357494746,1.707242763737447,30.298259482517423
8631,-5.757557395260347,1.847493664674342,31.494850975464853
8632,-5.084590716322764,2.1331233707859907,30.337373509956958
8633,-5.2101793748528005,2.345428235078831,29.508075968780155
8634,-4.406154029676632,2.3426278964989358,28.194769010171587
8635,-3.9686595514081295,2.3320490666223295,27.632404437858206
8636,-2.602575435692546,2.286596443137603,26.825237927069605
8637,-2.518997104009404,2.2334764430621754,26.08343041018135
8638,-2.4032255110292446,2.1928876967715394,25.35615179978845
8639,-1.9922976231968368,2.0622216008715246,24.107471261135515
8640,-1.5494768326749147,2.0161659697475307,23.67945709140644
8641,-1.0274957755799319,1.914816698200128,22.581573968238384
8642,-0.7099553536653809,1.8288706332534175,21.639952942684268
8643,-0.5179352436012193,1.8256452591496606,20.075266277381242
8644,-0.29302601807076584,1.7614415766202294,18.977352125372228
8645,-0.15475720150294925,1.7353950023387053,18.70374193486502
8646,0.043910327076821826,1.702579978997549,17.935795086687772
8647,0.32760175655220625,1.660859628728714,17.594223126644593
8648,0.5028235700033525,1.683915692403704,16.919954583116485
8649,0.6098164292202091,1.6893352842217495,16.413295960194983
8650,0.8033586193900731,1.84515876186703,15.99106889437828
8651,0.9540058457466561,1.8721227127428255,15.611497624898542
8652,1.0177206267486683,1.9146371344240498,15.175856850294304
8653,1.0929266215421325,2.0818413916940117,14.646159883297168
8654,1.109029193828672,2.128442407159394,14.333271477161711
8655,1.2787787365633223,2.249962596050485,13.925650532771975
8656,1.3447656405067487,2.288035186094052,13.606095826383893
8657,1.497950124662478,2.713521097396428,13.328455369471715
8658,1.5356247870560829,2.983515844665306,12.914046335595634
8659,1.890735540167556,2.9074675990262446,12.33587459487143
8660,1.995348647914312,3.1498168552897243,12.103341125325331
8661,1.9288433028036687,3.4073446323710663,11.73087544711583
8662,1.9992131144395062,3.5922145549654636,11.42103336200728
8663,2.6237993041057983,3.8199884428423565,11.2073306056396
8664,2.7554426591584384,4.502947977955426,10.976421831497937
8665,2.9090758569592943,4.946033130231787,10.88035582869187
8666,3.0431515317847397,5.987958719424939,10.874182438827068
8667,3.2909517610243895,6.409925119589768,10.727558346474552
8668,3.7066025677045573,6.9128439433556315,10.736002075837147
8669,3.9861273665532986,7.298846024973228,10.650102777671114
8670,4.355553962800447,8.073456584858242,10.654494622859161
8671,4.660310741356433,8.286626804432403,10.693121744249511
8672,5.042355185196667,8.77515839671785,10.834082788923824
8673,5.350907696217908,8.413272851023866,10.950516850886107
8674,6.034015614915728,9.42650817606722,11.099410812300603
8675,6.234237965553828,10.402869109226327,11.370124718528354
8676,6.789585605322196,11.531016778261701,11.883019934093582
8677,7.378329758884134,12.801737448880072,12.524569289506497
8678,7.178147287745826,13.729734618680565,13.100984286244243
8679,8.07554983776022,13.949471882411535,12.512894669863218
8680,7.905823646178574,15.430360395240234,15.074163994784826
8681,8.305432614294316,18.01648348567256,14.322953627293533
8682,9.971311247850995,18.972218675324243,15.96254878450641
8683,10.082246462291058,20.447930726583806,17.62890537388558
8684,10.781659154598428,21.267464624861727,17.548465951676267
8685,11.451232491849314,22.056595215228967,20.476188219210965
8686,12.481338833495114,23.341565493019843,20.5605955989439
8687,13.449009790045176,24.024816288369028,21.9434467961784
8688,14.53368154126164,23.980662324512373,26.054209025601097
8689,15.667138976831438,24.043226200964163,28.39871831995057
8690,16.334528409942276,23.245443084593024,30.507909971097096
8691,16.991275191242533,22.621584154586508,34.072745726568655
8692,16.357993646732393,20.735870859916336,34.66947054728034
8693,17.020188061722727,19.701225122666226,37.889912858143354
8694,17.60514951449514,17.614372395526036,42.46399748170594
8695,17.60627526503907,14.855851468732151,42.71837539041908
8696,17.565108998405982,14.85753858049902,43.45123195564371
8697,17.524861034433457,4.101439627634175,46.56768954868403
8698,16.231690173409085,-0.21256901266374584,46.14318816304449
8699,13.20411178192534,-5.957012094802651,45.307603091645106
8700,9.511813824145907,-8.716544608613969,42.860231445946695
8701,3.786142149162993,-10.827412305169792,39.38333207592833
8702,2.279879707367991,-11.981277706612108,38.137321309906326
8703,-0.11462162029307787,-12.004380658655077,38.17130495544508
8704,0.12090647007343211,-11.633839507690352,36.9857971197235
8705,-0.7666451147809386,-11.627695396856783,34.71867854283119
8706,-1.6836996915667197,-11.486072663910644,33.79185431641124
8707,-2.6949665099303974,-11.269367361678025,32.97885393858308
8708,-3.5327639977794236,-11.028222975097405,32.05404819709409
8709,-3.8662904274053753,-10.870304501140485,32.16711457142249
8710,-4.336157411466467,-10.67192161952849,31.80223603922401
8711,-3.977617096625583,-10.260692613970068,31.08292934520066
8712,-4.699826927069809,-10.028895188807278,29.35163753928283
8713,-4.614258965699247,-9.782478435202655,28.99538935587063
8714,-4.626766760531336,-9.595466403571878,28.58903707822579
8715,-4.761202309176861,-9.52525566040243,28.506016418812067
8716,-5.433281454937608,-9.53357423276874,28.200603344140454
8717,-5.918739057534647,-9.438428332385913,27.621850085460157
8718,-5.98855565421571,-9.322917605281098,27.42550887342822
8719,-6.152603061671372,-9.236719202306151,27.274222130852195
8720,-6.299579342380468,-9.179447054357523,27.102655994293613
8721,-6.6958640402764935,-9.088517116458544,27.00727824225877
8722,-6.790336144540723,-9.072431289087849,26.840443690067673
8723,-6.880668964681951,-9.062709662302048,26.705989120997337
8724,-7.436066799763512,-9.062284964517774,26.573967869970264
8725,-7.595212702050202,-9.09042895783308,26.52231012701559
8726,-7.843373563838714,-9.10339831291642,26.448311040595975
8727,-7.720605948150373,-9.141929350749399,26.452359954513156
8728,-7.866244786028466,-9.167717013236375,26.452627092046715
8729,-8.100649895199016,-9.190193867194104,26.45228086369633
8730,-8.234632907196293,-9.192196186466168,26.424976054312495
8731,-8.24769490075286,-9.261758179362053,26.45908620360819
8732,-8.450125383672958,-9.298476782526787,26.540311961651224
8733,-8.593112508716155,-9.385299472936254,26.589448488644503
8734,-8.753066085413591,-9.437962685806486,26.700923954575135
8735,-8.73645686821558,-9.460818222309365,26.862568234446186
8736,-8.832521332417224,-9.467159268870498,26.93073979359835
8737,-8.877511373685604,-9.467052605437491,27.024981533102185
8738,-8.936978108304979,-9.452145104837708,27.08375901708443
8739,-9.022028730995025,-9.443575437805757,27.201881666458505
8740,-9.028119786915505,-9.423252598854472,27.241867710740724
8741,-9.076460914941029,-9.370122426849207,27.352525652076185
8742,-9.135934854461938,-9.311453153761745,27.559547683017033
8743,-9.155142781715282,-9.258505179509132,27.615080759846148
8744,-9.145294232224566,-9.186308662651571,27.69539537454729
8745,-9.147330056753844,-9.11833193420248,27.843551763307232
8746,-9.14230480419965,-9.069935648138237,27.924013309518845
8747,-9.147731899142688,-8.991297625566308,28.014780269131588
8748,-9.115842902487868,-8.888095602482721,28.038143294803138
8749,-9.095400897889856,-8.728518853758596,28.070821687976572
8750,-9.05998856583474,-8.654404762518794,28.119295123233886
8751,-9.072602770692551,-8.393206193445382,28.153748482210737
8752,-8.958934928979154,-8.233318352509556,28.15298896743859
8753,-8.9746614231484,-8.199497831731533,28.139291354636125
8754,-8.884759143656149,-8.09387946797729,28.12362304734411
8755,-8.637999770392506,-7.999489333889394,28.079410103934595
8756,-8.622314146649725,-7.935565461939494,28.01710956407293
8757,-8.548226736215478,-7.861083226197355,27.948472723181776
8758,-8.500312315061217,-7.781676250449193,27.904664088970748
8759,-8.395691092091742,-7.758143499757806,27.887144454494706
8760,-8.2650424982297,-7.775498310586068,27.690217727280544
8761,-8.26340665319067,-7.727242932284719,27.56162782431621
8762,-8.17234177368412,-7.652603076473659,27.464420560531355
8763,-8.150996896356858,-7.608535889956065,27.58237427008988
8764,-8.184359101799757,-7.524481501088762,27.496940812091154
8765,-8.239735392426695,-7.49474512859883,27.309350095380548
8766,-7.961440461852154,-7.479728607329371,27.224968370828183
8767,-7.940298889278286,-7.465263365618497,26.965705364241387
8768,-7.879444903729457,-7.47244535934762,26.8249829309919
8769,-7.82088436359734,-7.491495640894402,26.633154586994245
8770,-7.737868939184846,-7.5554757692929,26.377836759201998
8771,-7.72470906039422,-7.638082747501698,26.659699842686145
8772,-7.715404767258202,-7.635822645332969,26.631429809125063
8773,-7.702006602376564,-7.680265964313085,26.475286951169902
8774,-7.7007086680352375,-7.688784385284325,26.262077704252672
8775,-7.699253797226067,-7.615259997327663,26.041857616579666
8776,-7.687306799150482,-7.599825514399656,25.941355730300163
8777,-7.6828292333725745,-7.7313672219282115,25.82804796510077
8778,-7.6861386059969155,-7.874933583091365,25.749978078817964
8779,-7.714067306377208,-7.956821834243352,25.747581866877866
8780,-7.732844034077414,-8.072042753588523,25.718763940130216
8781,-7.7693680104881535,-8.163889963052492,25.650529532562842
8782,-7.807520337113688,-8.327854637123536,25.565248979466926
8783,-7.85678934764546,-8.434002679968769,25.561081057083715
8784,-7.91744176978865,-8.514927612488604,25.531286563293914
8785,-7.94366578692916,-8.61728603062304,25.524529047627087
8786,-8.235101900584246,-8.771444019350152,25.523305447707077
8787,-8.325339402449972,-8.874019742548157,25.596654476473798
8788,-8.410986236572969,-8.984906202709716,25.7130612631131
8789,-8.514945188954187,-9.111682127975838,25.74643324055065
8790,-8.478443171183105,-9.276364344042435,25.8050412091364
8791,-8.457936076099207,-9.289810490896572,25.893266739707602
8792,-8.550554242302407,-9.398352093826455,25.846490850729104
8793,-8.592437566990847,-9.632117939849703,25.989981603506273
8794,-8.703424649164221,-9.620623499867895,26.308274443361164
8795,-8.774859011196556,-9.683174467241173,26.617359744833404
8796,-8.886511853924803,-9.73313801528308,26.69470848611885
8797,-8.889936421912244,-9.751094571868283,26.860683398020676
8798,-8.999008159685173,-9.752825177355009,27.1312690360215
8799,-9.177662909804347,-9.738637704223157,27.394759368881722
8800,-9.237766931511212,-9.676150155274673,27.489054060222234
8801,-9.271002006952722,-9.607692048381258,27.63308401418393
8802,-9.311079855386929,-9.516532579110034,27.98739458946281
8803,-9.327945921814992,-9.427199680555317,28.12169213348804
8804,-9.338839757219654,-9.29764270615756,28.268762871582677
8805,-9.338020601289154,-9.217107712417704,28.2978408658687
8806,-9.326241367650805,-9.109747904585381,28.55554638378962
8807,-9.306744867956807,-8.860858700706487,28.6381139161617
8808,-9.228388420586155,-8.49558546420939,28.708252156994185
8809,-9.155930332417473,-8.346419572346715,28.720075230656203
8810,-9.094475833443456,-8.318943851616364,28.718054224306577
8811,-8.95828437206526,-8.267001977450052,28.718872757619025
8812,-8.873068380773482,-8.145249180204102,28.68405550421826
8813,-8.866408792762803,-7.964014019571549,28.62085331604155
8814,-8.892477923146373,-7.732092850640964,28.551060269435432
8815,-8.764132208748572,-7.691091562065131,28.552753690595996
8816,-8.738376630343385,-7.793850139383194,28.426775553193437
8817,-8.654080285429893,-7.501870374729265,28.32030282094431
8818,-8.605673425404902,-7.2975294726557225,28.212991577734936
8819,-8.56829090139088,-7.10865717588781,28.03117860153105
8820,-8.3827154480085,-6.998142368228417,27.906489973796965
8821,-8.217614425822976,-6.849849728687115,27.79912098768753
8822,-8.11817544787235,-6.829346713377304,27.83210852429104
8823,-7.900676919353286,-6.7718918577158425,27.642376912864876
8824,-7.6964636622808476,-6.744859095350358,27.47292322214239
8825,-7.581374538449939,-6.731990883295861,27.11280083626441
8826,-7.47268067735381,-6.731914932151545,26.77039448448133
8827,-7.401555318124146,-6.772320593849027,26.397722827002752
8828,-7.372085279197024,-6.79004476759262,26.229958531911137
8829,-7.24587040084664,-6.7504047301821375,25.973319526288858
8830,-7.14519746887233,-6.65794424281728,25.735962058905397
8831,-7.083042747225709,-6.655372043154941,25.522240110983102
8832,-7.044804631845286,-6.772048031987558,25.36744999981594
8833,-7.005616108775153,-6.769974561491239,25.100077697087457
8834,-7.003083388970649,-6.900777542958608,24.908627864001204
8835,-6.997699633509382,-7.0249502659183225,24.631067683079362
8836,-7.00135130913182,-7.190251954207915,24.456699725613248
8837,-7.0271847675460775,-7.334034980360251,24.090676518396375
8838,-7.047462250921502,-7.5074381271553134,24.125411082555686
8839,-7.041311052906248,-7.756183322535569,24.12716007419079
8840,-7.121011211094489,-7.816723200289996,23.918206368275097
8841,-7.314673926256477,-7.944668967199273,23.70655358094671
8842,-7.436959898121992,-8.217815159936354,23.710542304797134
8843,-7.502577603298557,-8.355427009108741,23.69261284508291
8844,-7.575245399001505,-8.223311984122233,23.70132563642365
8845,-7.696516465964663,-8.444839010893,23.690825712548186
8846,-7.7667161794614925,-8.520090374734748,23.70900114010056
8847,-7.83085487235554,-8.438748422856703,23.75596435974257
8848,-7.903814923293399,-8.619401994621974,23.776137435189597
8849,-7.98855941447409,-8.941490864121795,23.82268289680365
8850,-8.09495366216944,-9.141905651173321,24.002568169051898
8851,-8.012595132166856,-9.322737532977087,24.0265026347779
8852,-8.154647803924412,-9.470261232992035,24.052647696468576
8853,-8.525610627733371,-9.656951238874528,24.139321204078744
8854,-8.653429403211792,-9.615777278957355,24.000539949076163
8855,-8.762549766423165,-9.712818148680386,24.188686823831596
8856,-8.888795879212125,-9.961834975409097,24.33575796194018
8857,-8.99641375672031,-10.098138186467823,24.671380700311403
8858,-9.080443306763131,-10.132746625568924,25.052124468503944
8859,-9.184901283819848,-10.467407292892464,25.053832859003965
8860,-9.251354348384284,-10.531259049477896,25.550133059134716
8861,-9.234972365269039,-10.682206222456237,25.790156474567357
8862,-8.94077769433295,-10.70519792233522,25.929608287822518
8863,-9.338949261070201,-10.815181460306862,26.083288898250885
8864,-9.335050250342887,-10.877396138965679,26.076169944427946
8865,-9.576902357063206,-10.963449646604715,26.35913515832568
8866,-9.884304734546854,-11.014963966221801,26.820276082423174
8867,-9.934113435237508,-11.018153993841553,27.763884963563527
8868,-10.051017117485603,-10.977660467574022,27.565604090598463
8869,-10.123478356832925,-10.89844729171507,28.639336278135602
8870,-10.205960020632164,-10.345441068836065,29.141987706572863
8871,-10.226605607391056,-9.836579489089665,29.43385272978472
8872,-10.1854768637786,-9.6440861837847,29.451007822305375
8873,-10.075160396829494,-9.536101147214792,29.70866188129034
8874,-10.101488377753563,-9.418586120913242,30.08751215137323
8875,-10.047487696388865,-9.069135786603887,30.279210623417544
8876,-9.83766749631823,-8.816929232513418,30.390086911437965
8877,-9.654815269404,-8.439231541544201,30.423567177665436
8878,-9.5513131584266,-7.67465138478514,30.428464350842887
8879,-9.40635428369328,-7.2148409055001474,30.398945931641812
8880,-9.187428009062524,-6.730679195056421,30.260183215405903
8881,-8.682317886014383,-6.398628655892022,30.06637875807415
8882,-8.792333439570074,-6.024115874764496,29.83060000639217
8883,-8.496984917451048,-6.357216755120891,29.234684631164416
8884,-8.31755877440223,-6.21396684322231,28.940701411343024
8885,-7.89157014615979,-6.030513726360422,28.702262299063012
8886,-7.562645385525676,-5.9375659200308375,28.714894014093215
8887,-7.499370541936902,-5.795001525439642,28.263749893471452
8888,-7.246990892576132,-5.72033961441556,27.99654750724931
8889,-7.082272579050616,-5.656126847399744,27.695661454558802
8890,-7.181401273775846,-5.621123721265087,27.536497538752368
8891,-7.194076432164891,-5.587678334599853,26.786773055464742
8892,-6.939199223520503,-5.650326505291555,26.478435146347977
8893,-6.587725802133724,-5.752970960058226,25.985431826300356
8894,-6.494746653541955,-5.783271740545079,25.62785988902898
8895,-6.371821353864365,-5.956170778997512,24.70759116110567
8896,-6.248258560132303,-6.169634718695876,24.517624049984885
8897,-6.2410422020711005,-6.3326099487066285,24.108434549030395
8898,-6.213493702223079,-6.490848308006317,23.819691539285724
8899,-6.220895983909393,-6.70985366157547,23.63990332757983
8900,-6.181722090966864,-6.92231171160324,23.402681390155244
8901,-6.278098012665753,-7.3549293089705605,23.35762232368104
8902,-6.500356110659771,-7.5475240478727725,23.29501749855539
8903,-6.594615928604035,-7.775604300492008,23.204019286139747
8904,-6.5836870305965505,-7.806343342408149,23.059913516843945
8905,-6.860251926091351,-7.785644267999173,22.982474539569722
8906,-6.945334026012391,-7.983188178101426,22.872953489156224
8907,-6.9588749562068815,-8.253801589323293,22.831889339356675
8908,-6.798974224678389,-8.54589766626207,22.78513861956811
8909,-7.101090525737082,-8.817889787402263,22.79086327026816
8910,-7.194394379311439,-9.083771656419009,22.809509176773005
8911,-7.341878887474133,-9.356037157366679,22.877117861512644
8912,-7.795070525660752,-10.611976712479349,23.006746415299567
8913,-7.931583146241833,-11.01417268997581,23.77134502323931
8914,-8.185857632124954,-11.293778224797267,23.891694510094062
8915,-8.366502332656406,-11.544573352482324,24.069674351741607
8916,-8.622825473305994,-11.510712950703953,24.314597030352324
8917,-9.286334182100399,-11.742038576087982,24.5099205221918
8918,-9.552083520989296,-11.961951339507173,24.81937226896637
8919,-9.829934449882195,-12.272490128569592,24.837217344709806
8920,-10.185716779074145,-12.41210205472338,24.72960940358575
8921,-10.268135423745989,-12.102566958365388,25.394317640216013
8922,-10.544876314565794,-12.246375131151451,26.11745843399689
8923,-10.781262619858214,-12.364747196933648,25.85943811008266
8924,-10.837493666302562,-12.48591538277956,26.43728168301078
8925,-10.975640244429473,-12.512150935241637,26.60184341089883
8926,-11.062677187905903,-12.579905945390758,27.434191428927747
8927,-10.90607749879604,-12.512292030929707,27.054330944083407
8928,-11.002670678078067,-12.483887840143392,27.642705658264855
8929,-11.135629846761491,-12.42476833970417,28.176290803878487
8930,-11.330135979150873,-12.295781649702803,28.229325375581748
8931,-11.523664168074461,-12.078510535870326,28.754034138998176
8932,-11.615432677437008,-11.895279868968395,29.560908716402515
8933,-11.652522530697329,-12.158997745895253,29.01807932478587
8934,-11.620310556686087,-11.942966885978132,29.721209377934436
8935,-11.707737170040303,-11.767259239207423,30.98090423034372
8936,-11.715015769380205,-11.279233016997534,31.411583200163257
8937,-11.673707559598105,-10.900872288343614,32.18477871660837
8938,-11.489381718555444,-10.230029631596548,32.70476562777913
8939,-11.33642345998013,-8.604453715169722,32.814624738904605
8940,-10.971650846802515,-6.810402173050976,32.9335454678378
8941,-10.68516183013072,-6.418969024815846,32.817637990975165
8942,-10.50468942650007,-5.640562416498007,32.7860496823901
8943,-10.018458076573861,-4.678926287947621,32.50441370544273
8944,-9.207307640301972,-3.814949838711232,31.88123834505106
8945,-8.01319603096955,-3.3710067330594145,31.58366870329937
8946,-7.17980120139006,-3.272371291522276,31.79019576526472
8947,-6.833543193325328,-2.9466480007069134,30.556205667050975
8948,-6.464096609147314,-2.758683276915771,30.518669196810762
8949,-5.813899402189537,-2.5188623642694856,29.64894147701883
8950,-5.529228795447254,-2.3646541137035517,28.183848311474556
8951,-5.66536019421273,-2.321093260642173,27.831653030659897
8952,-5.116234189438573,-2.3060308467804975,27.08501182553171
8953,-4.812110313232359,-2.346462554512964,26.24161136766827
8954,-4.358210278046049,-2.3587058365650035,25.68858266366553
8955,-4.220652040074733,-2.47076389547264,25.088269122668684
8956,-4.037968126852275,-2.459470785397061,24.57304793690046
8957,-3.8740135179870063,-2.5310726099488865,24.02339482150704
8958,-3.9806577723495087,-2.6763249677350833,23.33263535072678
8959,-3.6855335065160797,-2.873154282822286,23.03192573502856
8960,-3.5857772390730154,-3.1268238804654294,22.210732214143327
8961,-3.5638314398912367,-3.426827818755621,22.5533973816759
8962,-3.5434620356865634,-3.529051689670244,22.106922394800726
8963,-3.542492550303401,-4.1043388846659,21.135901962295886
8964,-3.7145223505378944,-4.300555988115336,21.29876882068814
8965,-3.8194877699597667,-4.352535930299063,21.217230267890397
8966,-3.859436672016516,-4.488566875554477,20.854197211755903
8967,-3.937084235619386,-5.086782711213752,20.690846053252496
8968,-3.9859214208745444,-5.33182410158137,20.765990590842843
8969,-3.9604425929153666,-5.313616043056528,19.89668098628807
8970,-4.169225834183861,-5.893953841193656,19.510750574308762
8971,-4.390582520287153,-6.233412145343889,19.281285753860736
8972,-4.621685733828133,-6.633111395852535,18.974551752820787
8973,-4.821521597620096,-6.95113226871369,19.279157252754942
8974,-4.9747452509836645,-7.37921095198996,19.08678908791852
8975,-5.079639402646922,-7.701349454087156,19.084961382635
8976,-5.459322483516779,-8.278035479679279,19.05696754411262
8977,-5.984569680945588,-8.577196970720905,19.037267960640456
8978,-6.391726423035719,-8.81430108772866,19.041591261703687
8979,-6.706681785483171,-9.316763493239563,19.10109485369105
8980,-6.773141478195356,-9.450472828307785,19.272446007384982
8981,-7.0294713872280745,-10.194449732752872,19.224562714922065
8982,-7.55185026902751,-11.081494823542759,19.49422329132871
8983,-8.249660147981933,-11.41192353471801,19.93702828628857
8984,-8.728695060190656,-11.86617174121526,19.377394255772508
8985,-9.260682978372898,-12.815004445711072,20.026341625968897
8986,-10.006465795597606,-12.97163894447157,19.944546708309012
8987,-10.478666922524146,-13.205060050157664,20.627885928612397
8988,-10.744933686905632,-13.637846650254042,21.363950039173524
8989,-11.02127302218216,-14.166254075810304,22.320406237708223
8990,-11.201084906502947,-15.161173461698178,23.091407583901468
8991,-11.490168461053248,-15.388341089459331,24.315906477839068
8992,-11.454205134308744,-15.215989353794912,24.880264655329054
8993,-11.542008740385759,-15.21666883861106,24.928249990254333
8994,-11.92701442902931,-15.095460821247721,26.53679856698886
8995,-12.234354895751991,-15.104025225370641,26.88086208123376
8996,-12.599383769814716,-15.084105273019807,27.41333875534205
8997,-13.112364915929493,-15.125578006386322,27.22882366347178
8998,-13.39234185367268,-15.047297991510465,29.63753015932389
8999,-13.609937806129631,-14.872553783378283,33.15878434690559
9000,-13.631506601941934,-13.843254394185347,33.26205486690941
9001,-13.659653871323771,-11.659312416122935,34.73587383357379
9002,-13.384308225108981,-11.50406433230136,35.336955459094
9003,-13.165307540399755,-11.353071309648806,35.213464340710395
9004,-12.957218672679742,-11.002829939689075,35.06521225212344
9005,-12.766984339360183,-9.914480855729204,35.0209159987606
9006,-12.7467139082706,-8.903459985512239,36.06908669970895
9007,-12.29169638045595,-7.064673240434423,36.23940251778224
9008,-11.970600888539812,-6.227970215748016,36.22126635832992
9009,-11.437310696241234,-3.3095554152819284,35.7645971874014
9010,-10.625727185347777,-1.459163146774346,35.17055089759616
9011,-9.139001751771124,-0.8803448466633845,34.895918408168434
9012,-7.819631751871858,-0.6709853946040681,34.160785162856286
9013,-7.313957486961332,0.9470657199480527,32.87805176373999
9014,-5.689473058484341,1.3457366757342915,32.547328111085754
9015,-4.079929689183098,2.1726760143854795,31.670462611588047
9016,-3.2272155145299024,2.2653650697727983,30.63291247058485
9017,-2.4025288066804045,2.37755511532352,29.749111304183153
9018,-1.8899131983224022,2.4100831173521846,29.113886605680584
9019,-1.5934827194146433,2.399605886982441,27.50602069298788
9020,-1.1775022116195448,2.367739579599725,26.90702162442794
9021,-0.8109449669383806,2.355437442818265,26.00750568744572
9022,0.0134852794166479,2.3216507804679254,25.325481289932487
9023,0.44214942462505447,2.3178846373362427,23.73809488225195
9024,0.6262130110221866,2.308535001818266,23.216875364838863
9025,0.8840013755413445,2.3176016273529707,23.03042169709204
9026,1.1044486306776373,2.3690214384670436,22.456210821073718
9027,1.0710662007619012,2.420351144705609,21.724051335715174
9028,1.1167302453047911,2.4510765734564037,20.732469542734062
9029,1.1666735984654315,2.4866676572206963,20.271785000806993
9030,1.2079797482125039,2.536746638895513,20.094813297301613
9031,1.1439437943238193,2.589429724195566,19.633511895185304
9032,1.3820478377548322,2.6321837347225254,17.678985873239824
9033,1.5501832281102805,2.767329922583307,17.447240879655187
9034,1.7441867276606506,2.8822706868414625,17.85323725565741
9035,1.8490198668223845,3.034651460623845,17.282053093812408
9036,2.145735313631849,3.2096388104496523,16.48244266452257
9037,2.225859644305117,3.407133258267989,16.03298441498897
9038,2.358341200231066,3.6053708962239703,15.426855311017512
9039,2.629667554774843,3.7618616628212838,14.883449796176523
9040,2.732981893480333,4.108203590024539,14.424209730648268
9041,2.92255683005821,4.523748808084878,14.19885677669409
9042,2.968338861486034,5.166609286908819,13.796578216455243
9043,3.1418966321074238,5.598443614341914,13.472261687523378
9044,3.350898102576638,5.937281674080555,13.169714964082422
9045,3.8838234333221773,6.231112882138538,12.99287077539997
9046,3.9799052423349943,6.7032555545682735,12.905899698723125
9047,4.278635346815799,7.3090989750669,12.762273873359385
9048,4.343391254638678,7.837751451583371,12.750817696259112
9049,4.652219625236885,8.291061827381117,12.751145106293736
9050,5.015552826526272,9.155114482411294,12.776064349444876
9051,5.638875372805445,9.823332793963907,12.932405257330485
9052,5.546905812256646,10.448177175680161,13.176229474235605
9053,6.026355895968511,10.873656707327221,13.408065129376302
9054,6.359776405997433,11.095146252325291,13.590668701713952
9055,6.786491863643462,11.249667846619989,14.236391942006913
9056,6.840365264973895,12.130374896044053,14.077120231031454
9057,7.444481760479519,13.234682315538285,14.453664243317935
9058,8.322331957126607,13.88367404515752,14.175950169069251
9059,8.85897938016192,14.17168815929108,15.16096288268315
9060,9.253996506869933,14.691500109961906,15.95099605627168
9061,10.047050827640021,15.461347135404901,16.496493226105255
9062,10.335380904543749,16.934725089319773,17.49396363172946
9063,10.306721690531306,18.65566668336167,19.12577510050601
9064,11.234940839874872,19.447422365970418,20.678351168125047
9065,12.613843245441869,20.508999177371532,21.319884367657906
9066,13.379553527868449,21.253172425787074,22.92697821913509
9067,14.603961768059829,22.054926687530955,25.431504828264416
9068,14.970394976230672,22.221636456214647,29.14100194975398
9069,15.8249483660736,21.99899779248123,32.150447177438586
9070,16.684131181318445,20.70303630388267,36.01939428842614
9071,17.551752448945347,19.82384972197857,45.51064128108345
9072,17.73121880860446,19.568498931795446,48.96692973231617
9073,17.897893704824845,11.485033585638297,49.22357100237793
9074,16.355545409042165,6.180518661509056,49.73452439895774
9075,16.33188094092995,0.9911202531342633,49.27206944886306
9076,9.908717268544688,-6.218817942390396,47.81335114082844
9077,8.278868111629142,-14.836743892827341,46.00035011731657
9078,6.802295086251291,-17.075465029688758,44.64979500830799
9079,1.693060593355086,-18.081534690196776,44.83935111059097
9080,-0.6224927606312014,-18.156582790163885,43.59964272980203
9081,-2.0807627635827575,-17.964202403296667,42.16807694835751
9082,-2.2384260032793697,-16.87975038765578,41.39635961085189
9083,-3.662410005929778,-16.07522429447777,41.486909289739806
9084,-4.817005498544882,-15.265526249633389,41.320963211025344
9085,-5.545240436120007,-14.63963892647274,40.97069436297784
9086,-7.670893238317019,-14.121195521468215,40.84404962610625
9087,-8.563445629708234,-16.113997412897813,40.83379278351277
9088,-9.215785613849105,-15.368384145596362,40.34395341872985
9089,-10.142164011534028,-13.147021248233951,39.85553026072849
9090,-10.452446404450814,-9.937641477058826,40.21984593504124
9091,-10.404044532442928,-8.722013165960236,40.15545492372731
9092,-10.143282151819706,-8.911471692126828,40.26223352409783
9093,-10.029047703699183,-6.559666643202053,40.13711299451975
9094,-9.76653851522836,-5.685787089987238,39.7335679612944
9095,-9.621611176084443,-5.242742369615905,39.23670398969332
9096,-9.338822627629337,-4.7403136821896705,38.73195388931902
9097,-9.135740878589981,-4.034903650583204,37.860565735577275
9098,-8.312195165184335,-3.360549678611963,36.57889560705848
9099,-7.778004580226661,-2.728215860285441,35.59920312720091
9100,-7.314208820503526,-1.384016272151734,35.684564001388736
9101,-6.6502708509957715,-0.901877823315677,35.142333976145444
9102,-5.237600204904514,-0.7921949774724929,34.720491530854424
9103,-5.241363961359407,-0.26211617755081684,33.37553861318066
9104,-4.354584075566953,0.019606982766092018,32.15006029848649
9105,-3.8243913697937284,0.5018293870155393,30.9186745781129
9106,-3.7182569532239462,0.4200956783046809,30.590146460479144
9107,-3.269807585743927,0.47576149912753984,30.465306607785514
9108,-3.510634082229232,0.5958171153014384,29.24852206058298
9109,-3.085709282961165,0.6109872300055825,28.80666194229086
9110,-2.9923369970582914,0.6477019875878945,27.73382207628051
9111,-2.9911651358820968,0.6336901770914483,26.660852189789036
9112,-3.5361670628235244,0.5298996542708984,26.290398055013657
9113,-3.124751144121424,0.5050889467534759,25.36461191819459
9114,-2.633205783232606,0.3469474640690816,24.941372971637186
9115,-2.222461942401169,0.23207698428813053,24.07076006054099
9116,-1.501516493955385,0.11289298060790438,23.761943700816804
9117,-1.4014694579079388,0.015197666799433088,23.787730268811806
9118,-1.2733181735316612,0.10668073273228781,23.361751274791157
9119,-1.250367567647591,0.04621225215417706,22.803395372770016
9120,-1.1715523109011126,-0.005901560720645828,22.28174990455285
9121,-1.0544652881000758,-0.0664391049485842,21.47185758901348
9122,-0.9514816499450294,-0.16353421968812032,22.26993032526075
9123,-0.8909936368745679,-0.17971977382304125,22.649163746725037
9124,-0.8376415254286551,-0.20908205593333234,22.2574694606426
9125,-0.7610750418285732,-0.23028152350367234,21.794606425943105
9126,-0.6951513604004289,-0.3031392122349753,21.947197477487705
9127,-0.612686098936356,-0.34442648597324044,21.769399703019783
9128,-0.5755572743632547,-0.3798893945012354,21.13894343346522
9129,-0.5273544689589377,-0.45091219410524186,20.188063171861362
9130,-0.5143490902965762,-0.4790284643816604,20.100031952211474
9131,-0.5101676880251609,-0.5480552324470378,20.362481658854424
9132,-0.5104622438757734,-0.5489734348416833,19.907035082252925
9133,-0.5143050931190366,-0.6010590831686194,18.825030218076495
9134,-0.5237907840825955,-0.6333701468984755,18.40179057557296
9135,-0.5374169158863578,-0.7004225870264109,17.7614055288123
9136,-0.5472051884349787,-0.7582839315777593,17.306879969343342
9137,-0.568382459305886,-0.7392608569327702,16.79550924143755
9138,-0.5799705943105076,-0.8665690569370869,16.18109191855485
9139,-0.6052550814957226,-0.9562375802334673,15.902156206028229
9140,-0.6195384136947925,-1.029866550007597,15.416308441861977
9141,-0.6551580527924823,-1.0957588280424884,14.959447814000505
9142,-0.6798925438885284,-1.2050733945001306,14.662881346221358
9143,-0.7514441436717278,-1.2376436522451206,14.394970994997019
9144,-0.7900394039428893,-1.3083556924279902,13.67240875484725
9145,-0.7790237330904108,-1.4560362801838655,13.301356773642487
9146,-0.9948429878913504,-1.8823072898303714,13.36563019777557
9147,-1.155219361734996,-2.0096369076149094,12.9017755310882
9148,-1.190126916702087,-2.0664942229823486,12.615931018431265
9149,-1.230720667247416,-2.1927073021288486,12.25271340283821
9150,-1.4603364650058284,-2.562754495719001,11.972144331754652
9151,-1.566089157651946,-2.5519857456553945,12.136329681635372
9152,-1.8124205570193332,-2.70452258035062,12.114986836177316
9153,-1.8903609351146369,-3.1838653799801953,12.051636980229372
9154,-1.6880393932723392,-3.4067803126823466,12.220003463050096
9155,-1.6030127791630395,-3.454159714558268,12.242770971200423
9156,-1.8229939781169782,-3.683282622871092,12.179500968668961
9157,-1.9055485570307262,-3.5129709127269457,11.71856071301173
9158,-2.268375977925227,-3.625762935225726,11.760393565793883
9159,-2.404438564484851,-4.690595042672886,11.577683356777639
9160,-2.6314611438230924,-5.187343021914467,11.265997552758677
9161,-2.834995061735037,-5.676604556427938,11.100502978203124
9162,-2.9552912834879828,-6.664763038952743,10.82796494308248
9163,-3.3207236222405214,-7.122420740723142,10.611464132144853
9164,-3.7683853822190865,-7.539982236412353,10.55860481421418
9165,-4.209184257974317,-8.031410380857881,10.56180192815011
9166,-5.079803737736483,-8.686858587939769,10.598872876942902
9167,-5.717020863273677,-9.63988250516376,10.848845832852865
9168,-5.778919751268343,-11.91557370376551,10.930148190730511
9169,-6.26090475915395,-14.03072233356274,11.024155725936964
9170,-5.796607777787001,-15.00777850978466,11.410598826003985
9171,-5.968193321842996,-16.175622564933335,11.586569702210705
9172,-7.170374636973873,-16.204819193644536,13.446879406025435
9173,-7.496680966410441,-16.734088823349943,14.824400856693552
9174,-7.035713235139811,-17.95576956445778,15.959839665692542
9175,-6.386332797198395,-18.286981804275907,16.6676059492038
9176,-4.412169999338609,-19.33371940125713,16.734335641186274
9177,-7.451990465287434,-19.74656714921447,17.217738998690084
9178,-8.56074842741139,-20.45251959038921,18.826072825717162
9179,-9.766234874182775,-21.28864357458709,21.16022327080844
9180,-10.793621335730814,-21.900031810428455,21.695466734660478
9181,-11.72309273159753,-21.806317082136985,22.455545676518586
9182,-10.954746909407826,-22.47380062310227,24.813646616784048
9183,-11.851996850770094,-22.620331332307824,26.531963023102936
9184,-12.949231991701707,-22.557362296323582,27.816326207872997
9185,-13.37088327408363,-22.213363081529653,32.762241453148704
9186,-14.050700212286433,-21.258922568817162,34.739594751814906
9187,-14.282392537083334,-19.73332678971505,35.47303988210024
9188,-15.313675912396038,-18.88464403427606,41.48966946941388
9189,-15.542865444437513,-20.22947446313813,44.252871461306874
9190,-15.512371949207518,-18.282064993707433,46.93910936912594
9191,-16.00817905130946,-14.359580999818661,48.31474511302447
9192,-15.9191478616744,-11.791897446907218,49.31730735979219
9193,-15.463412928874897,-8.164923325623823,49.539623155449604
9194,-15.374084889560404,-6.787645110150962,49.44614115424258
9195,-14.887114259806086,-2.484362078300686,49.03888939899047
9196,-14.431309454413519,-2.263902677914367,49.42696518170956
9197,-13.331253042114133,10.572638009989099,49.010036327567605
9198,-10.445750063861446,13.356340959321791,46.330451191563036
9199,-7.439472994750124,17.13515365009762,40.20084540560724
9200,-2.17181948245248,18.32637555586826,42.96963195050665
9201,-0.6091089464709749,18.495371510443825,41.67600091187383
9202,2.5239088567244603,18.35222155867117,40.481770558703964
9203,5.195937929732611,17.718153104089293,39.84157542931035
9204,5.452119738155883,16.74824445498191,39.65335991467536
9205,6.140232988572225,16.184951390046752,39.50012453799482
9206,6.354143734971325,14.969679991411097,39.40509826991824
9207,7.320429564549642,13.966927164303788,39.379333582690315
9208,6.78709277807322,12.442617091122864,39.345205999588266
9209,7.332957842486951,11.144211827566771,39.30189554760155
9210,7.944409479336921,9.782125463785547,39.05219350093702
9211,8.050081082002857,10.392908575265388,38.66372243573313
9212,8.414696564181403,10.097794182109737,39.069606391421374
9213,8.96961241006837,8.506169691048381,38.63817206937314
9214,8.946236405418848,8.358324393722345,38.585467462881326
9215,8.936814962212493,6.442623058681113,38.560679476298596
9216,8.756795363590497,4.424703677569306,38.0677819316307
9217,8.165129338948358,3.251518293404297,37.20915437185698
9218,8.128497117607079,2.4030846303480984,35.04721352548391
9219,7.3966255831008345,1.9040248395103188,33.451585416400825
9220,6.785237244693188,1.2710050540870736,32.39908461880538
9221,6.235377137353339,1.2004662787846014,31.975309387204796
9222,5.62023210920814,1.0847536891762644,30.783478785772413
9223,5.588136810689377,0.9450686403106371,29.920221902960257
9224,5.102318733486952,0.8498607367781945,29.335471780138896
9225,4.659085743872745,0.7584921787275277,28.641312441442746
9226,4.446393729637097,0.7023375918156208,27.86886847915815
9227,3.5438202710046376,0.7031280691074909,27.500392160173313
9228,3.23699439806943,0.7211601420602183,26.747906384158224
9229,2.9868675324070066,0.7729637802473459,26.306295015116568
9230,2.543765700955987,0.7628573557155779,24.95875804943569
9231,2.428432874830778,0.7990857242984307,23.968251355865775
9232,2.3233102450427103,0.9438454981916298,23.544182423822996
9233,2.080426399045462,1.2397081257749771,23.23623612500228
9234,1.9896134384700306,1.4058985391802856,22.565028216778867
9235,2.016719789824843,1.5074880420057513,22.054316996860255
9236,1.8960902679172533,1.5861146371705908,21.71925749661237
9237,1.8375572382210092,1.517981202397821,21.184105597590904
9238,1.8016350340081695,1.6518278800357395,20.755289919174896
9239,1.7678898916633814,1.7014454584607746,19.834902815313928
9240,1.756840983436131,1.8716669530395789,19.936853204108818
9241,1.77155645514837,1.9936421648589764,19.381982442685842
9242,1.811654238129808,1.8775942181133132,19.08211786031568
9243,1.8165628389780235,1.8771977222358716,18.483912587360745
9244,1.807720273268675,2.281733637542156,17.96193455651281
9245,1.8188501635476584,2.4185125080094556,17.593905052022905
9246,1.8608203154485812,2.4388128989799545,17.211648884967033
9247,1.9203188632584014,2.439395784212378,16.772449210084694
9248,2.0836140355529853,2.44958421147924,16.445835965017288
9249,2.1248141169851538,2.53484157610962,16.144747468275867
9250,2.190092283220098,2.6061326878630835,15.815755683562546
9251,2.24445447063594,3.8067844971279388,15.356049498544234
9252,2.3953385095846187,3.9466546731105687,14.392732509868491
9253,2.540145936396261,4.272155913973724,14.274063417659999
9254,2.60995984442568,4.723122254639507,13.7205095545409
9255,2.9065082421965642,4.739629567647603,13.476111309611706
9256,3.143562416547762,5.079246635945673,13.42722374911022
9257,3.4161086653433745,5.476145797417212,13.089835464372202
9258,3.7818792872810745,5.917734848312847,13.00874737039998
9259,3.7889096244904192,6.932655734736285,12.911592371139502
9260,4.148273785372618,7.1142156082288555,12.75681358984017
9261,4.699064877106847,7.177533797674054,12.775754723987275
9262,4.931541571738046,7.874286249434216,12.77308255743857
9263,5.23143601017659,8.952784326328713,12.82531344150895
9264,5.545905516640452,9.498565450309728,12.936645992860342
9265,6.061705560844996,10.267866410439055,13.38299116205552
9266,6.625959763424944,12.1808626432248,13.685049057726479
9267,7.154221676170035,13.678649908250748,14.2944580226226
9268,6.35966836236041,14.490373500040935,15.0129633004912
9269,7.44808640674583,13.908989849360072,14.92934083738531
9270,8.516952870852442,14.739377489316038,15.705702909791427
9271,9.217400829192945,15.092283626462727,16.61950613488411
9272,9.65000150698446,16.140548450897352,17.052911915984925
9273,10.441605218812493,16.905367463394022,15.981323252457294
9274,11.285085058999847,18.591405248695203,17.115241607372266
9275,12.928433590325096,18.971257247685024,19.9414744143341
9276,13.402382562562323,20.37504298206923,23.057977059826676
9277,13.999665099207194,20.531685199071735,24.70847234620653
9278,13.973309105306077,21.11811426206145,25.743460875184436
9279,13.026946606560728,21.335007922569236,28.10432837510278
9280,13.64007941546738,21.191952975115722,29.52817372775183
9281,14.20163746039409,20.821674088587333,31.58706030613766
9282,14.774649475044143,20.072121331002386,34.74712954523476
9283,15.39129130185856,18.811888461444983,37.48512674023529
9284,15.579836955565458,16.41906443796762,39.07643285924061
9285,15.754772689525263,15.318518659650133,39.8116731980774
9286,15.666143139871668,13.42483588200131,40.58013263653525
9287,15.414546061008576,11.3094130667589,41.5562217341083
9288,15.06219606111534,10.865831482610723,42.44924173835794
9289,14.47895256838951,9.054603231252127,42.83776245748101
9290,14.012082225587317,6.248112853245271,43.1113649433609
9291,12.990427249898898,5.479072014459503,42.87672033055131
9292,11.422036413895611,3.32505701425663,42.2492456655325
9293,10.39315762230435,2.67772414326194,41.60123021205156
9294,9.652228194994002,2.507732572147798,41.08578494630737
9295,8.881030851142196,3.0541379839133413,40.373895215527725
9296,8.249485254310509,1.5324171699761528,39.58009794622549
9297,7.371152786310403,1.8733904672186275,38.5098998263732
9298,6.384914680466945,0.5475626260791795,37.44898943109947
9299,5.915661287611815,0.011383647954842258,35.86213374776263
9300,4.865231452257139,-0.4170229294063098,33.26579234744101
9301,4.616751136338504,-0.7044965576781004,33.04422650126184
9302,5.054224437588386,-0.9925370419175674,32.31027800522285
9303,4.27793873161621,-1.3914398687235523,32.29304938553052
9304,3.876931549170273,-1.6109287149827933,31.576211670695027
9305,2.596133387486767,-2.026208281878955,30.326044150156438
9306,1.9374630983477843,-2.0755447394745454,29.515141595009524
9307,1.5023058161908838,-2.0871571156704363,28.830606713524485
9308,0.9663863687952027,-2.091554070350278,28.365860704314265
9309,0.6774359321736869,-2.079616441142216,28.37944591309127
9310,1.119390283502744,-2.098451313678812,26.45963585726681
9311,0.8029486813859285,-2.0551469864207212,25.504056019903324
9312,0.3277101721324909,-2.044154918369014,25.61373686458194
9313,-0.12499647227167382,-2.046330626115185,24.89890658293471
9314,-0.4878843267810241,-2.0389654208763948,24.4282038433848
9315,-0.5964056081523887,-2.0337707116153694,23.73116513503897
9316,-0.6734189111415931,-2.038259680309572,23.116506939133167
9317,-0.8379283121177011,-2.045747621330582,21.99515347575799
9318,-1.0427422387286938,-2.0769470663120653,20.66590988637437
9319,-1.0515385169089,-2.1323274193578343,19.55424880903667
9320,-1.165797115653344,-2.2114475497341672,19.093371198660133
9321,-1.4167459230952753,-2.0527620407843865,18.478746282921698
9322,-1.5900157161029413,-2.139807112707799,18.32432637485667
9323,-1.6645416503694581,-2.087591206030184,17.75879081034019
9324,-1.7028579043732566,-2.120066777340848,17.312728622422632
9325,-1.7608677265583457,-2.3852189596563806,16.588332583610832
9326,-1.9564472738898075,-2.5081495320076304,16.249380238731437
9327,-2.0960437410415462,-2.8123245575334512,15.967553537039395
9328,-2.2764457496135897,-3.047059424349421,15.811905046040113
9329,-2.361116748264879,-3.2185390892863333,15.435271993306063
9330,-2.4632537978103413,-3.55141305134221,14.495535536200295
9331,-2.7034229414947055,-3.7654289684703226,14.185372513374139
9332,-2.862188258597736,-4.274343395682525,13.574843423313913
9333,-2.9242016512671647,-4.653820306758823,13.339471647174852
9334,-3.206185204477163,-5.106733547819099,12.76548755216323
9335,-3.441661921203698,-5.635816036828357,12.364208677007591
9336,-3.6841606961849256,-6.0182203616055086,12.317291231870373
9337,-3.969961234607777,-6.68418839144946,12.340937904897507
9338,-4.246510330727801,-5.943940603484186,12.247672754694587
9339,-4.101594746733955,-6.637151953593698,12.129495162249771
9340,-4.248768153355348,-7.8414156902042516,12.124281486473746
9341,-3.3964375876238875,-8.733647282415715,12.13257804117009
9342,-3.107810824725273,-9.39617083625374,12.108586867221547
9343,-3.871431645045732,-9.073484030382293,12.009508484925094
9344,-4.174794267797844,-9.341258758187402,12.046007712009072
9345,-4.626663400304025,-10.093387331643223,12.084320084936857
9346,-4.975565632640612,-9.074687287710006,12.859481466539105
9347,-5.592426932824736,-9.469197787249223,12.950089223889185
9348,-6.126585121215758,-9.638055049295426,13.469426785652127
9349,-6.220491803262579,-10.5109325728406,13.69159993506689
9350,-7.1924878014857265,-10.887761693119918,14.1197776852999
9351,-7.5750222057738315,-12.217949904854976,15.03687463531409
9352,-7.252553180241833,-12.891265436825691,15.387654978451637
9353,-8.525884220582718,-13.290303222233927,15.461222638886717
9354,-8.877654632703194,-14.107014960883308,16.361063051160553
9355,-8.92071418168204,-15.023520853448234,16.52285589740788
9356,-10.576540193705249,-15.403163742767697,17.23581205832293
9357,-11.311873326987326,-15.95626011281761,14.46833881309361
9358,-11.855199740907793,-18.64244829818968,15.494585386745566
9359,-12.731692693835027,-19.616408234309937,15.452761172364374
9360,-13.541412294820661,-21.387180542536626,21.07003782823034
9361,-13.598618819510326,-19.971772010656373,18.457844796773568
9362,-14.962664510517838,-19.607008940785725,18.55526651104374
9363,-15.24797638835669,-21.43793919988717,26.810334663848604
9364,-16.203943705433506,-21.3663277876393,30.529662100878536
9365,-16.950059678787856,-19.396128737521636,33.39449244230259
9366,-17.213181934662842,-18.872408151691427,34.987391597320574
9367,-17.336672262484388,-17.851667488851543,35.748003183218685
9368,-17.48607955898607,-16.020748535569805,39.95567154208964
9369,-17.222804205577198,-10.825717120960466,42.06142308872694
9370,-16.494855511624106,-9.52389888128615,42.872736203494654
9371,-15.00027950451337,-6.3968653713139645,43.118550346716006
9372,-15.289773870908624,-3.4012796971696404,42.63973429165288
9373,-13.352209557434014,-1.125222025550936,41.742785771730894
9374,-11.353203418378614,0.2556346033486394,42.231018282795425
9375,-9.865937658191577,2.28846685340707,40.482217172500754
9376,-8.240123633534026,2.1126244890675525,39.507233614553726
9377,-6.630013135379853,3.610838293062801,38.33801060547985
9378,-4.81046166177616,3.6160457220946123,37.14258303987682
9379,-3.980146312248813,4.158814684931481,34.28654453308961
9380,-3.191876450527758,4.3239591730736056,32.91742417329958
9381,-2.2769802460680073,4.4669235520396375,32.07163813269032
9382,-1.9336957291308248,4.505841515275521,30.687074779799865
9383,-2.0175351587357815,4.484100319884001,28.775488071784327
9384,-1.3077861307874286,4.410666955921551,27.489181642623613
9385,-0.8099900508375606,4.338550910382057,28.031816206837643
9386,-0.4794574168213517,4.312186539283677,27.328276059420702
9387,-0.2128007904879486,4.236081587289124,26.43112708626731
9388,-0.11775087299527107,4.222356993505832,24.850616256139595
9389,1.0249053227559028,4.185550582212072,24.049567825963607
9390,1.2442296324620348,4.18374239660148,22.367318020386683
9391,1.5631910546131058,4.21220090098671,21.943135244134314
9392,1.8301640147368747,4.226570120253784,21.46118405715205
9393,2.2085044541914547,4.2777617054359345,21.055817579152524
9394,2.3081462082907285,4.301846866542535,20.22675897537418
9395,2.142853814103009,4.439134363814731,19.70849092681509
9396,2.216122079000451,4.600494164412376,19.407032866769267
9397,2.70915133974166,4.623098136809876,18.766266779620732
9398,3.0004531120933895,4.5924512770104995,18.397922933330793
9399,3.1663348512529503,4.361457193249777,17.805650306510742
9400,3.2028242745981785,4.421261989897405,17.32183259072909
9401,3.1892112609080634,4.716989522029118,17.021605820516548
9402,3.5978965937985596,4.993873649341666,16.53271452019778
9403,3.6782123672224505,5.335187294004625,16.38310753724675
9404,3.817857253226529,5.734713406928052,16.136402711590446
9405,3.999006040302715,6.081708866363486,15.839787918612103
9406,3.776596157518439,6.44269021643624,15.663356624563855
9407,4.152505593752284,6.777457897246038,15.487554175814775
9408,4.371528775922214,8.041250740504537,15.383768949566667
9409,4.466272081042906,8.705185733314522,15.283873857587217
9410,4.903888996745173,9.39716416420412,15.263341601074197
9411,5.307014934081771,9.612212853705362,15.242061378749248
9412,6.396202493393149,9.920582235017271,15.34492822904016
9413,6.5176788450201695,10.257096934439444,15.426569330605203
9414,6.412046645156988,11.101018911953275,15.550788041870659
9415,6.684917804845235,11.97585654681205,15.824710493886824
9416,7.062932805008576,10.994387634910337,16.363439144984962
9417,7.465062137264026,11.719083120073691,16.3420462922277
9418,7.913988021520896,10.736394631607922,17.16341591312861
9419,8.035835444918254,11.946817639552282,17.484391877495877
9420,8.37844006006216,12.815671867113071,18.981334865063054
9421,8.554682808095988,14.528063326800078,19.562293182406766
9422,9.880614368715129,14.980430643410408,19.98902593905642
9423,10.777619021941044,15.796336636610205,19.940237626337257
9424,11.956860428592618,16.696010067894644,20.345034228277093
9425,12.506744893929849,17.049966144578914,21.324035052066694
9426,12.844471646601567,17.885812004899513,23.70870158857855
9427,13.360224187689813,18.302930942952436,26.011900406498143
9428,14.240065349449559,18.282440143061667,28.629995537293993
9429,14.766262808284093,18.024196883449747,29.74929305008772
9430,14.941658478345968,17.845698444751193,29.407759012073534
9431,14.999026352723579,17.245528927522326,30.413882156270983
9432,15.039573546852658,15.916099221158868,31.82472813614657
9433,15.180723417090297,15.291225821647142,32.90270309017504
9434,15.189823992455706,14.18212822914192,34.2581226307486
9435,15.078191236611518,13.182253314439086,34.820973255488944
9436,14.826224969248706,12.61951256119073,35.976095719073236
9437,14.655122402227152,13.002892685706382,37.022141938959464
9438,14.46819178481278,11.844607827837343,37.26109054197582
9439,14.19332140451472,10.59050995171368,37.531423303150916
9440,13.682483194481135,8.982159655342778,38.279321707596615
9441,11.207107273320666,8.299177950837393,38.87959436032107
9442,10.96481835216417,5.887085245939124,38.71755759927728
9443,10.381134268401134,4.445639637375995,38.296421370691675
9444,9.903955297719625,3.037501320246176,37.34567701311787
9445,9.69936827062614,2.092457003746588,36.82689622984614
9446,9.635478759607002,1.3265153689626579,36.125773377135985
9447,8.943169081854881,0.5169545895490925,35.13275940308951
9448,8.038696224035977,-0.08891138829075373,34.08642712040529
9449,6.579293520134986,-0.32851676593109735,32.725747399432414
9450,5.898595305787701,-0.8593928961213257,32.15464313992973
9451,7.321587243481257,-1.1649836906529705,31.93507511553306
9452,6.483827566319174,-1.068783324964683,31.72081896806395
9453,5.741755315184384,-1.3341493967867022,30.186261601207036
9454,4.860712277756382,-1.7022952497264128,29.15370996501456
9455,4.069196353083764,-1.6797474240871966,28.44381131551585
9456,3.8648966343221223,-1.6810252198339417,28.23500047553417
9457,3.007281134369056,-1.6623877253468775,27.693277454835904
9458,2.223825629247817,-1.5786473269412873,27.804705875122124
9459,1.7729662627347538,-1.5771282106371831,27.31628534326564
9460,1.461358262845274,-1.5507368130742187,25.92839343731446
9461,0.6407234113013255,-1.5170695344062126,23.728027369795953
9462,0.34017396612372536,-1.422238884260636,23.280389486588305
9463,0.1454766024481114,-1.4022470232702273,22.63825399258927
9464,0.005648562793688722,-1.3971142210150682,21.924130602510427
9465,-0.04659906236800187,-1.3746183448840896,20.76601522905806
9466,-0.1694335004019824,-1.3421637669247857,20.21798045875173
9467,-0.27992183158462014,-1.3420527738023724,19.6827476343005
9468,-0.5405486456871126,-1.3504681897489645,19.24007968331573
9469,-0.6263894650040303,-1.377292939701835,18.955504489169638
9470,-0.7049547458450997,-1.4050421913350366,18.01056246796159
9471,-0.8016395856668521,-1.4935195488037285,16.424832283367266
9472,-0.8399826498243668,-1.549208027054714,16.105054619956434
9473,-0.9854461214380236,-1.585316056432506,15.387707854097918
9474,-1.0541572244799668,-1.9132152981271067,14.994625170609362
9475,-1.0840593698256387,-1.982347495148558,14.638998865310306
9476,-1.196154907680437,-1.9909651301223705,14.285107662173779
9477,-1.2278683962236896,-2.233508088044462,13.867807297534037
9478,-1.387981603462822,-2.255388700872845,13.523130072170447
9479,-1.3970893195081087,-2.3549357701747096,13.191951055047843
9480,-1.619781364375846,-2.495860919609769,13.263672749586146
9481,-1.6157466834940175,-2.788898572720539,12.851316534581997
9482,-1.7302971701752927,-2.955372627262982,12.697246865035083
9483,-1.8178530800473356,-3.1850669028298704,12.329784560097018
9484,-1.7751366530796762,-3.5916254371308747,12.227797741485437
9485,-1.8947646017432254,-3.799435680021795,12.479284700275866
9486,-2.137418181869622,-3.687689535187007,12.262050206086357
9487,-2.166734046237932,-3.636870384679974,11.829967952458803
9488,-2.2336733893594753,-3.3777782093945694,11.369566514707458
9489,-2.363182057665188,-3.309183063656277,11.158161263893371
9490,-2.443586029877638,-3.624392524481972,10.945017975641331
9491,-2.6071304071062373,-4.269640135871665,10.74639719127298
9492,-2.617212336840591,-4.890874693392945,10.569419681506687
9493,-2.8968294421473826,-5.483173865807276,10.430609938939739
9494,-3.2163452635464935,-5.705190994933191,10.27639803503711
9495,-3.308390828199141,-5.934950912633259,10.148331051187013
9496,-3.459602275114584,-6.62313922885225,10.052846181054365
9497,-3.4184158703987726,-6.9242845007753235,10.004460957640744
9498,-4.006010361830292,-7.247666239027023,9.96929312622165
9499,-4.151593366777588,-7.8027887738803186,9.973522693252391
9500,-4.302709418634696,-8.50222415927433,10.060086740494437
9501,-4.915855490680754,-11.050023936723022,10.12798228428233
9502,-5.580747243875875,-11.396460151988164,9.76089418385873
9503,-5.932747322054312,-11.061701616485305,9.432135273480402
9504,-7.188666054272718,-11.24423263231326,10.232925227380125
9505,-7.866239160370341,-13.281289706378884,11.623639693047943
9506,-8.390562913722189,-13.26951807358509,12.418242936696343
9507,-9.01309761427902,-13.076548793887435,13.677030910955148
9508,-10.095463524367736,-14.950094921828379,14.05672813531219
9509,-9.938769490244448,-13.758694506481026,15.201522203912553
9510,-9.86191430014559,-16.104089972135927,15.924720658731749
9511,-10.443658790123171,-17.25230248254392,16.42651785743757
9512,-10.891466489409897,-18.903830733739923,18.047467172463385
9513,-12.22989156828925,-21.29564191014845,21.61769703340213
9514,-13.389443647689601,-23.114475931664373,23.608821083312574
9515,-14.125219287260585,-23.42971441549523,29.141187837139228
9516,-14.493963385811648,-23.101302632069093,31.092643366024763
9517,-15.270301643341732,-22.51089751353088,33.90888023167353
9518,-15.92529238882311,-21.822192368448917,38.89462316888316
9519,-15.858163599499425,-19.41139301982233,41.860359664864724
9520,-16.40752178211764,-17.92991757065969,41.72979454603536
9521,-16.480910885727003,-14.061614746362578,44.047420225814164
9522,-16.201189460920848,-9.237004927683103,47.0449427112164
9523,-15.051814080356378,-6.255826297866394,47.32251892055246
9524,-14.46654518012738,-2.3844320542917723,46.90127074963883
9525,-14.086270962836435,0.7059881456170958,46.11757806825668
9526,-12.842543113686915,2.8636649961924476,45.05328525415611
9527,-15.615970674034784,5.909666880729343,44.67913593558642
9528,-11.762529110586291,8.691811090969406,43.2271264087087
9529,-11.240036355512865,11.310575107277781,39.106612462019775
9530,-9.783324721713797,11.559017842767528,37.47025851749776
9531,-7.719906660874406,12.40418996418066,35.60086072228753
9532,-4.953390854528736,12.826331313710464,39.43620375315703
9533,-1.6748911701682077,12.93366471063494,36.30164440887899
9534,1.131072345939213,12.947927396882008,35.543384309734336
9535,1.563956092031006,12.749091146137127,35.55663240234181
9536,4.566814290906763,12.354503095004764,35.34019939344792
9537,4.994301010853659,13.209236854410317,35.063254461301966
9538,5.092576584867644,12.81823824040316,35.05255047646536
9539,6.049397417957509,11.920057500621443,34.631844445246195
9540,6.501755460624448,11.38905766361555,34.44740319697342
9541,7.440516884164472,10.638618726046207,34.39956547494312
9542,7.512539019994318,10.251884235484823,34.15946685151959
9543,7.799774994362455,10.119376093481872,34.008644130855984
9544,7.98826462236768,9.366901010353779,34.07563610405544
9545,8.096380826476409,8.436127576381924,33.816456867567375
9546,8.12348105594962,7.997375555584289,33.60189243427186
9547,8.108035286465459,7.622037056233205,33.43552478490025
9548,8.12684997366432,7.843132612674756,33.166729065178025
9549,8.095884095839901,7.10044154870862,32.9734407601015
9550,7.664767384519923,6.779715349008293,32.85905699557078
9551,7.6193520404125215,6.679491374412616,32.504301873779944
9552,7.492694006807068,5.922040253280011,31.921800362286223
9553,7.314804256014797,5.611027513309025,31.474019773858224
9554,6.916606312676423,5.204739968030121,30.430876122195322
9555,6.986770539000412,4.9825020063528545,30.034936327886317
9556,6.823296082740918,4.8476237813404985,30.122266395728538
9557,6.534308365775505,5.122764035398426,29.363725564559623
9558,6.397267291683159,5.007309221129549,28.926565757516656
9559,6.3832982203676005,5.073713139386694,28.91175989556031
9560,6.2855575011384515,4.920660777490078,28.44638042877639
9561,6.133099197076335,4.782380697835476,28.257871196471804
9562,6.011693755450396,4.823597939834688,27.880217617062637
9563,5.84088016076878,4.757055633724245,27.583982209828445
9564,5.643740142722215,4.749726009358418,27.115179591984436
9565,5.573725907795548,4.75322545446957,26.47062762154915
9566,5.497546332983799,4.801568728766709,25.404788007207177
9567,5.4120921604442636,4.89447162638974,24.8228795314007
9568,5.352526558713641,5.033811272153871,24.462754731476373
9569,5.307092167636343,5.160280971664834,24.222003562827744
9570,5.306375498208128,5.256386036544218,23.89913917394002
9571,5.299145926674166,5.7188085770894155,23.459408245193895
9572,5.356318318060594,5.855699348728686,23.080985290390576
9573,5.403747205243482,6.164419216286089,23.151629548981138
9574,5.470166883796448,6.407048018567249,22.39360627517957
9575,5.347743549405659,6.463071134482312,22.35130203469736
9576,5.449689190887182,6.43724063006143,22.020881487200963
9577,5.542370115538131,6.703245794582169,21.70606175054519
9578,5.679257453716847,6.880311815943172,21.324503578887274
9579,5.591065566095208,7.255327924362326,21.313491567152457
9580,5.8429561936435475,7.745994800366742,21.187998039657572
9581,6.008423997503123,7.738540022635117,21.138014585135238
9582,6.186106400973643,8.17858277006661,21.00621234745085
9583,6.135433518971522,8.693734973394168,20.954486010375312
9584,7.086550864951825,9.372744532555188,20.918617347014177
9585,7.380595024872599,9.95193613089028,21.102798655075723
9586,7.5539821958763005,10.779374296111651,20.81535054161145
9587,7.850286400553722,11.403922478911442,21.118338058268687
9588,8.233555264723046,12.178132980526794,21.230863012974517
9589,8.900923458900873,12.605991009322999,21.69432345374468
9590,8.983261200281339,12.754268821175918,22.1364056520842
9591,9.484233201885049,13.346720037032245,22.999769343638413
9592,10.20470839166642,13.871318535456474,24.92944673325881
9593,10.99704492671384,13.938612570416474,25.321112674031266
9594,11.92670513555391,14.066318391879783,26.66728951072428
9595,11.961910740255737,14.060919554183556,28.427335737778463
9596,11.94248667042618,13.959575850076234,29.303614155358463
9597,12.12748389588727,14.191194926501739,30.284155995392567
9598,12.041317706830196,13.739761470198903,31.097649888585778
9599,12.10601506300591,13.229098403121787,32.51979011018142
9600,12.144942050580527,13.28144797307713,32.57441797774892
9601,12.261316965952341,12.49995303846223,33.42877284196037
9602,12.321810691852775,14.704476527576173,34.23266262015904
9603,12.538419928436731,11.601275513253537,34.865691034833056
9604,12.466441750177262,10.523220687205917,35.045597279273515
9605,12.295477426661508,9.892394558260124,35.403446426893886
9606,12.0498173898495,8.548405416207205,35.7665532506033
9607,12.127708909458427,7.262304793305409,35.9980001448538
9608,11.515517335043603,6.4460069450470945,35.942354434465706
9609,11.006673009948711,6.290236608990496,35.57359258361231
9610,9.703029584709263,5.861845104699048,35.391792477178804
9611,9.244775752167483,3.942119270047009,34.8402277100306
9612,9.110594605093283,2.9673350989008145,34.11650685929543
9613,7.876696020564304,2.0921666642143375,34.889839439357615
9614,6.710472189264065,1.2896244645642172,34.12622934405541
9615,6.9364125583817655,0.7872349002097753,34.23242379671962
9616,6.597022880234209,0.3754525559310032,32.138502734494466
9617,6.044547907770926,0.06914404769831256,31.467402309627037
9618,5.172384908093856,-0.11256043347485628,27.80136416228566
9619,4.598019862003833,-0.09993959159537262,26.084998682572405
9620,3.819948688674301,-0.055929662735195514,25.234783243055574
9621,3.5172640215003854,-0.005852696354142921,24.411096684089287
9622,3.387307396210834,0.16113944193995697,24.465118289134512
9623,3.032227323140968,0.3050451189916572,24.019119740932524
9624,2.8887321635769023,0.3790355717470938,23.62370147780744
9625,2.7117923203679966,0.6005646053350974,23.081371183448894
9626,2.5908542553690603,0.7121185022915146,22.018918449863186
9627,2.4689442211519097,0.9348841264254362,21.764400931852897
9628,2.297956219630839,1.0064822388003642,21.093864108230882
9629,2.153637582676113,1.2136669522564412,20.915028062618166
9630,2.259087614347194,1.3129304908855604,21.092003816675316
9631,2.1532099637085125,1.8927282376944707,20.246213357250536
9632,2.1286234076283725,2.0995042101888193,19.78470834172115
9633,2.12635979915893,2.0792019946545612,19.95010390556979
9634,2.1231561276493194,2.255280194647145,19.1600612279385
9635,2.1333932735752983,2.392412378998373,18.506767709031042
9636,2.1512744718374788,2.5269355755245795,18.115325100033782
9637,2.1976866463762628,2.8271926836429166,17.677085258801903
9638,2.2085255401439543,3.0909291199000766,17.42245484370188
9639,2.143180384073269,3.7330294577196215,17.17799111317247
9640,2.2728395832859913,4.10580098902863,17.04327739121312
9641,2.491542521607435,4.354444803260086,17.054057303991378
9642,2.7501367059929946,4.924824927899179,17.22087289467899
9643,2.7255041331731733,5.309783251330585,16.98852217576851
9644,3.161473869909633,5.62613919764442,16.166153433984224
9645,3.3425267422899663,5.561602879574449,16.780740769843014
9646,3.6972082521498715,5.598251728294458,16.442129738515465
9647,4.027726236381348,5.687470457312158,16.430319204156422
9648,4.159396594422325,6.485561432713963,16.065779121179496
9649,4.345978135458153,7.200350271543122,15.926806567571601
9650,4.2932013843220345,7.652563953698129,15.810973681124665
9651,4.709852605255495,7.970826109504284,15.680806855309019
9652,4.607082158306899,7.828524874470612,15.599902507836799
9653,5.390087494020153,8.710471827860909,15.560547053203008
9654,5.994459865722187,9.097826252132947,15.630006744259795
9655,6.44727913124465,9.662133410288481,15.815464389446674
9656,6.759385489202839,10.80673697282858,16.36981861387574
9657,7.9367137073418625,11.422365456411116,16.873190788414906
9658,8.740868955237984,15.095135737393804,16.647893470928487
9659,9.16480520780351,16.05057982228426,17.27968034536342
9660,9.763558304266489,17.01410140750993,18.740291374076087
9661,9.492641465945644,19.530290396686578,20.203734807903963
9662,12.096401516513152,19.74961116552043,22.542419523288164
9663,13.587286847250386,20.06127221611307,26.399991325040734
9664,13.993417397839908,20.14081529442762,27.193439765890076
9665,14.571757907920556,20.054332037668647,29.586143871340084
9666,14.327204999896598,19.810597553143985,30.87041922529521
9667,15.062045125750323,17.613493174900633,32.66574043366033
9668,15.185610446503052,13.935266693610757,36.741954667500536
9669,15.145304812554178,11.476796024152662,40.31197519201903
9670,14.562857283279158,10.069856530968126,42.278623113629344
9671,13.91138613549758,10.046057186436988,42.533400475142216
9672,13.64485479038907,9.171733734677673,42.89235615489704
9673,13.49600296897504,6.287323333161904,43.14103682620641
9674,12.89575321860427,4.235168591699537,42.99450143012627
9675,11.735373735234486,1.6491917844943136,42.73141773488011
9676,11.076563026920162,1.8382550786579992,41.48443509218511
9677,9.677213590022511,-2.5133112142113605,39.915566845736805
9678,9.333601247124527,-3.59817026762206,38.05178655208204
9679,9.429957425721724,-4.352138934372963,33.93615644793079
9680,8.227727342271232,-4.212398540130105,32.96197229619216
9681,5.5735994929794535,-4.34789972406767,32.35537665542744
9682,4.683399689911691,-4.545426149600508,32.757934178827185
9683,3.5384212848459167,-4.66248506191779,32.46709678137037
9684,2.6268817378930156,-4.785034375169126,31.594106174262773
9685,1.6539680569288737,-4.794155469890363,29.954651286294602
9686,-1.518388721591643,-4.777839127115923,29.980670757620715
9687,-1.554193980649924,-4.694042772417614,28.843648181372995
9688,-1.8572745400881314,-4.6360006189010825,28.209683736783706
9689,-2.087417400990179,-4.5669331767665975,27.525644872462834
9690,-2.462862677804787,-4.463804162909988,27.07804264491992
9691,-2.8188049604622294,-4.424070865961606,27.421695545265337
9692,-2.9739747613843246,-4.376137166078935,26.553893554540416
9693,-3.080456374703626,-4.374871032036034,26.284191368622416
9694,-3.0872530117705153,-4.383334427559317,25.358204829398733
9695,-3.0239107070586537,-4.380297659560767,25.649263360331915
9696,-2.9570711742921283,-4.413972730843627,25.91660069568063
9697,-3.0546359895237503,-4.450083057419723,24.65805429178509
9698,-3.1326876162434787,-4.554888840702285,24.37451444982733
9699,-3.1858537452322664,-4.611143358485258,23.801158732701165
9700,-3.4384586672104622,-4.534562913059619,22.89027370916769
9701,-3.5450262279813844,-4.632246461979943,22.710334468003207
9702,-3.875843617344491,-4.821442892348008,21.550104772889277
9703,-3.962919288618814,-4.901030163440529,21.50925794791311
9704,-4.062234977824331,-4.906567832698914,21.08268678406952
9705,-4.0914689468648,-4.9478025386130415,20.40025242456801
9706,-4.311637961243446,-4.860147613663113,20.129675103391207
9707,-4.340357953904861,-5.061781909554201,19.775854352410082
9708,-4.386008471235136,-5.425308611369951,19.49867753857688
9709,-4.474413209546914,-5.745868499230878,19.341189612675795
9710,-4.52550451650205,-6.09931251002871,19.15045933130259
9711,-4.826911281033977,-6.428399806255347,18.54346420692139
9712,-4.926117467551964,-6.962056594380936,18.378830227011928
9713,-5.236324542333539,-7.493319385263832,18.36315212202824
9714,-5.429488641682632,-7.809141104068852,18.282052931084557
9715,-5.734604511173625,-8.274727651199727,18.030337972934348
9716,-5.953368628672224,-8.829821895175048,18.024853617286524
9717,-6.308631790601634,-9.583259351398222,18.10783447953699
9718,-6.587728511191207,-10.051827634212382,18.250217551263987
9719,-6.783127211563342,-10.909344345632372,18.330750558845306
9720,-7.4200767009291075,-11.569724637803912,18.776324181475747
9721,-7.409795792910729,-12.038098029512968,19.34088860007316
9722,-8.020170017262917,-12.615981673986974,19.635935996929728
9723,-8.644212858771219,-12.811267247306759,20.787805368409824
9724,-8.460096883725251,-12.991735203683701,21.58480820348602
9725,-8.792945656406228,-13.399804017943254,22.532841324639772
9726,-10.373745737618208,-13.674987531783222,23.00737529404381
9727,-11.388231756380918,-13.373621644446782,23.07935788587852
9728,-11.423541850221456,-14.16834888045269,23.79185181211368
9729,-11.032931728520545,-14.211623010347218,24.074613127059084
9730,-11.08336192825157,-14.54982332136713,25.684036544533747
9731,-11.54941753866726,-14.675983356416062,26.63435093497074
9732,-12.18834667749381,-14.690948314680307,26.62776175888226
9733,-12.30553056401126,-14.735768748475397,27.590209743325186
9734,-12.59826326507561,-14.87385354207022,30.47132880311402
9735,-12.86755333277247,-14.302707673882589,31.061003499688013
9736,-13.052680990657567,-13.747071508767174,29.953732148618435
9737,-13.110806948416279,-13.05649963544486,30.705848025438506
9738,-13.108435816872175,-12.638775903328437,32.256023494674295
9739,-13.126438402634022,-11.951970460027992,32.896361114582895
9740,-12.942103684261895,-9.968340819639835,34.03797439381042
9741,-13.206946500663259,-9.333821857601597,34.407562533185335
9742,-12.430586056247446,-7.3501311883744265,35.287120133270854
9743,-11.91433170654114,-6.513408949702397,35.28511029264168
9744,-11.456122229611958,-3.022616560843957,35.0982813676186
9745,-9.78490861089922,-2.1801091255239733,33.70425550326591
9746,-9.181867140205648,0.012133395349516185,32.77162991615042
9747,-8.127988125538119,0.49255970040681246,30.83534018776008
9748,-7.269454750162996,0.7139242410777453,30.419456313283597
9749,-4.753286112431026,0.8025252556865792,29.815237462498168
9750,-3.978504785051414,0.840018130347182,29.19842863915266
9751,-4.427394052443776,0.8758753741680375,28.276255011396497
9752,-3.3076048830086395,0.8822903081581369,26.3927239412737
9753,-3.1689970627060204,0.7981655987377212,25.82702804235542
9754,-2.4179481956456357,0.7227975949061992,24.839343798641437
9755,-2.04855192539325,0.6724454924865654,23.884391600042342
9756,-1.6716585200913812,0.5771177914703861,22.92715824403359
9757,-1.497270706434173,0.4229165475148404,22.84231198318493
9758,-1.0319136304746388,0.4134224596319935,22.078716415895663
9759,-0.8640344925230435,0.3623202079143285,20.693301819555963
9760,-0.750352223829419,0.20617362312195486,20.02093780645996
9761,-0.5683525438371231,0.10912894504064206,19.830929843461206
9762,-0.5093068944078388,0.007695887663308712,18.44651718979003
9763,-0.4331797532493219,0.04788426526977061,18.204504304826088
9764,-0.4017147624467767,0.0038103055493689322,18.138164597742808
9765,-0.3769644555105729,-0.05859309572674408,18.13298322182201
9766,-0.3618605867343188,-0.13048564616698463,17.766128404164487
9767,-0.3179334354740903,-0.16873158397190346,17.301737982930643
9768,-0.3022846778515787,-0.18798834493573482,16.793404002970227
9769,-0.2838282326828852,-0.268521064633958,16.428514563551243
9770,-0.28166749746810316,-0.33979266666119196,16.238309167554824
9771,-0.2944711587730127,-0.3892917762198204,15.879608675512912
9772,-0.3106039894639877,-0.4113732615801516,14.555431830719764
9773,-0.32380871202723516,-0.4699891349863495,14.643543276322609
9774,-0.35867067640473527,-0.5162154883175705,14.176457430079186
9775,-0.3713147842786413,-0.5493516026441375,13.779970932079541
9776,-0.38361735239215894,-0.5258048982072124,13.250191883438976
9777,-0.39027638807046366,-0.6287124043919377,12.829112916577062
9778,-0.4106124815770384,-0.7099033888600134,12.130207936135937
9779,-0.44147369123716196,-0.7686976342098558,12.118692996746113
9780,-0.5116706836131515,-0.8057392542481862,11.290497972713725
9781,-0.5537918177543733,-0.8871991068827837,10.792938234430466
9782,-0.5868190541976489,-0.9734441781849031,10.214004577651178
9783,-0.626418678534369,-1.0973510456610138,9.754026714748306
9784,-0.6682739866396653,-1.1841169254604416,9.659932368259977
9785,-0.8018839010268664,-1.1678954259314827,8.981038503496404
9786,-0.7895084514490116,-1.224324689741679,8.503920341381317
9787,-0.8277000254405066,-1.2495129414895534,8.296924209612431
9788,-0.8164506552527778,-1.4490785314274826,8.112759842492029
9789,-0.9580209465390092,-1.6302994004609093,7.9398616441674905
9790,-1.0040172745011833,-1.8350876276408374,7.8287080819017785
9791,-1.0668806648840767,-2.098212303499814,7.709086331779974
9792,-1.1036718926959928,-2.6747933572184888,7.4026139042884775
9793,-1.2705601288436648,-2.8475865872072585,7.195808882371871
9794,-1.318783420907645,-2.971658637673758,7.022233926450842
9795,-1.4648951621375352,-3.074884720645513,6.900379487190685
9796,-1.474783308018398,-3.375010686083921,6.8038553281348735
9797,-1.599266633283848,-3.4209147294846622,6.629073801007473
9798,-1.8952869431195114,-3.8620573370708144,6.4928621431255324
9799,-2.1012417634269456,-4.252107725045978,6.407887403432635
9800,-2.3206318947118527,-5.227884044892193,6.276726638697436
9801,-2.4915101946955707,-5.525804297018403,6.254417700481163
9802,-2.7785607185579044,-5.7106861293142765,6.229312107974288
9803,-3.0796889880351497,-6.008358936529917,6.2201853928894195
9804,-3.1362465673309767,-7.28678432404325,6.229845178876746
9805,-3.513666893902305,-8.25548983474693,6.275794083714185
9806,-4.312012205991822,-9.457272540571026,6.360579724952848
9807,-4.640961439194134,-10.297243796078062,6.787977787133847
9808,-5.2598525991115155,-11.158625376916667,7.341480595643093
9809,-5.449904857786226,-13.697125341150624,7.411294516090754
9810,-5.860785305092431,-14.465025797961486,7.876867948361118
9811,-6.636279165433162,-16.02152450002176,8.88927459305887
9812,-7.298901211688444,-16.57534108204954,10.126081146646236
9813,-8.047031500266334,-13.688074398130356,10.68237412148583
9814,-8.700906837892932,-15.388971803001775,12.057871832568999
9815,-9.650123561371766,-14.763293916624928,12.088228771458821
9816,-9.658000052500888,-14.543448818242016,13.125191450489034
9817,-10.629629628848607,-16.290287738708436,13.827745154553432
9818,-11.224474497565545,-15.98692534139089,16.30639612441014
9819,-11.219167734039974,-16.147867890989538,17.974575294720573
9820,-12.377940627853606,-16.49263268140519,21.21458500685192
9821,-13.6505834852471,-16.295859533416866,24.150285460093926
9822,-14.441947314750317,-16.978184947170863,26.63030455126762
9823,-14.641217538020113,-16.997419049548522,28.810944324820014
9824,-14.797383492240046,-16.94534622718003,29.59023390800417
9825,-15.039063191362576,-16.700153550791608,31.109879460266935
9826,-15.267932232033775,-15.654445308372438,32.038553947162164
9827,-15.312296600734728,-15.418912266745176,32.52229706615308
9828,-15.332476906612703,-15.046008535143137,32.15772848618057
9829,-15.298459840710038,-14.43503049735467,32.38421107378024
9830,-15.263345039047431,-13.610572833051792,31.255887204772712
9831,-15.176862798253195,-12.560891491283652,33.634303833690396
9832,-14.824950239726176,-11.476163016479735,35.035231907326775
9833,-14.98591930660056,-11.310054848103068,35.583678675799185
9834,-14.622973486869205,-8.716242833209884,36.25879462721777
9835,-13.510540977148969,-8.160376966285643,36.58148400773254
9836,-13.093197574358463,-5.652052160276541,36.70649475760819
9837,-12.562181144373438,-6.494399774895363,36.34990632179763
9838,-11.685944527405887,-4.904417728832232,36.29125731655788
9839,-10.79477929658113,-5.099014997499406,35.86816561483504
9840,-10.157899922220471,-4.004221007993161,35.42636904519344
9841,-10.11296294845634,-3.307749786632784,35.009909181058624
9842,-8.591796110485706,-3.435793302763254,34.46256364842293
9843,-7.888313891444293,-2.1126303245526064,33.85872824179382
9844,-7.106907711678248,-1.6997030475251942,31.863568465126264
9845,-6.59127991714054,-1.3239391676316683,31.367582741117435
9846,-6.341516273919502,-0.8664206501946539,30.64742530814259
9847,-5.500858402338206,-0.6556648763030105,29.998651845576656
9848,-5.200330302044764,-0.5986840779612214,29.25603766092877
9849,-4.716054513346255,-0.5756038988617009,28.538364402863703
9850,-4.3204003164418046,-0.5285539463562389,27.144509402693394
9851,-4.291916123565072,-0.5616106858061714,25.946997635636908
9852,-4.543392017887683,-0.6348121380249362,26.008043036021224
9853,-4.2857197772918,-0.804493112750857,24.884186562897206
9854,-3.8012286203976897,-1.1370339431066376,24.703943618997233
9855,-3.5224630993100883,-1.5225629441270805,24.130634688183086
9856,-3.2643123137735253,-1.670786729918503,24.075606200426606
9857,-3.1452049458023654,-1.6587090945300955,22.965561069900836
9858,-2.9948139036296375,-1.6479985608980166,22.622080461562636
9859,-2.8719070043398505,-2.1034663343299465,21.7590013047127
9860,-2.776713765726185,-2.1852570795728576,21.089607500058886
9861,-2.760133856069591,-2.5002791712807038,20.23228634632733
9862,-2.7288586177482754,-2.5142246970882987,20.08670498318681
9863,-2.6990353324426843,-2.798208646881519,19.96571054971697
9864,-2.7150636524790586,-2.953793828729693,20.205861039555383
9865,-2.7400648215935344,-3.1660109823096483,19.116533642216663
9866,-2.8083403258502493,-3.3638634904559193,18.772258220874818
9867,-2.859837228821563,-3.5813285049398984,18.674766989263436
9868,-2.967811146855741,-3.8812927897485157,18.950842229916418
9869,-3.233706011309385,-4.205911651178899,19.217941759824836
9870,-3.400435846226049,-5.009254195724077,18.796742021635627
9871,-3.616277750016202,-5.0909443107771715,18.374223101772394
9872,-3.757022422097812,-5.234777341953313,18.157435589120794
9873,-3.6811399287478053,-5.524298269498712,17.822758917034484
9874,-3.8454249037545623,-5.779923565340729,17.172299575352227
9875,-3.900520409787392,-6.515924968066163,16.79004250284536
9876,-4.008536247591643,-6.79331227690995,16.600546554863847
9877,-4.484683418271172,-7.367736205894163,16.663935610748126
9878,-4.698594656870154,-7.115333263239175,16.549721822532028
9879,-5.21455024901559,-7.797955630910149,16.41939822972522
9880,-5.42379518690741,-6.1723448332167665,16.37961975822507
9881,-5.614410512263854,-6.669791231031348,16.330576223554015
9882,-5.7176031638692955,-7.492128878709979,16.25990652624491
9883,-5.946813695190822,-7.557442151562797,16.25617028324078
9884,-5.7866765638595705,-7.787336056921011,16.281738554275364
9885,-6.23125953851484,-8.8466344130134,16.309141856859437
9886,-6.537127506536637,-9.042710035514116,16.43925444870411
9887,-6.904556247968588,-9.63309918777441,16.440089299324853
9888,-7.075815981168134,-10.30261123475489,16.415880916383134
9889,-7.556031022180207,-11.178223947068364,16.51355003312286
9890,-7.951673802030587,-12.859020361498716,17.040691286341804
9891,-8.673033490760966,-13.46253461280998,17.672133392889016
9892,-8.720370280786879,-14.190274428611522,18.610614683414234
9893,-9.092993642845107,-14.808940591948057,19.419182861341852
9894,-9.487967617386358,-16.74479343971993,20.21722249787862
9895,-10.85534154567501,-17.769948970614852,19.93702850651607
9896,-12.340693206878992,-18.610768837854884,21.43257125432597
9897,-13.008018431012498,-18.82686984767633,23.39961702304973
9898,-13.960204901841385,-19.092793660792413,29.52534071987724
9899,-14.566360019700134,-18.90402043314173,31.61534415885165
9900,-14.941729656951921,-18.45604466316825,33.007044458512674
9901,-15.37611298581521,-18.563472470941086,36.203274762507746
9902,-15.858637349611946,-16.75367724333733,40.56127014985449
9903,-15.819899215532423,-14.649368630963384,43.47886638592497
9904,-15.75107572529496,-11.224214017057605,42.229854871496094
9905,-15.287847572025234,-7.1598381680639225,42.97496656454534
9906,-14.199931644849952,-4.530003319579369,42.966258048321926
9907,-12.952915535362797,-5.258838906169887,42.195694677606966
9908,-12.388963179535354,-2.91901135293177,41.31937705910614
9909,-12.47219641037537,0.16635294481679708,39.51667382299761
9910,-17.036916640184735,1.137327625896603,38.50572918737432
9911,-13.212042450769806,1.875958215362556,37.27685525467642
9912,-11.864401480140844,2.5194236674463957,36.77206675334725
9913,-9.841280987373354,4.388733963054101,35.68562375055678
9914,-8.61160761085875,5.041692071022769,35.07156424456466
9915,-6.754804026069246,6.056991176371588,32.98055167930903
9916,-6.823651468935857,6.446782691261574,31.763177235189772
9917,-4.283768312253494,6.61750505727448,31.619111371771833
9918,-2.9507861261419523,6.7114478494890415,30.453544811471865
9919,-2.604971719022489,6.719564021373357,29.581624671485432
9920,-1.021462959781987,6.7081670193384415,28.837365713139064
9921,-0.20947822647261216,6.6295840131066575,28.380261308252972
9922,0.9049936834502555,6.511148372121397,27.38414340853184
9923,1.453640625069276,6.420608635202832,27.534063849874155
9924,1.6853916444152588,6.416109907236657,26.40735539028988
9925,1.9374004151878836,6.397398965933693,26.53594239374293
9926,2.268499694799483,6.402560739828795,26.170402580382515
9927,2.0712908953885547,6.40923559432551,25.580119539001146
9928,2.5680080948694117,6.39271937981372,24.608644311223024
9929,2.7428686979473373,6.422047743285839,24.253223236607784
9930,2.7389105188577405,6.493117113731609,23.967776974822144
9931,3.1774278409927215,6.5875389788649885,23.12464366366168
9932,3.1825801989983726,6.628270982427749,23.22383465131983
9933,3.158964169884321,6.768301880514014,22.455440365624227
9934,3.7423385447904827,6.8504480683778555,21.377817017929544
9935,3.9725375397360443,7.137123747461154,21.30595788255995
9936,3.5261554689716017,7.36135751202193,20.822699005039926
9937,4.054172134153341,7.64561117621768,20.551043583795558
9938,4.639347828382237,7.73084106539704,20.360306570582704
9939,4.94257378618859,7.9363092740783125,20.09093220156593
9940,5.206864549296767,8.393230663040796,19.944674753506888
9941,5.1368848609159645,8.950409601615847,19.772242645056533
9942,5.6897782241167,9.263574877812445,19.68279384533797
9943,6.088028116710996,9.928507527457057,19.684794099588157
9944,6.515806271233457,10.936521197160298,19.801497069134843
9945,6.815132115022511,11.215066126317675,19.906693941936286
9946,7.142416136611088,11.669749285577433,20.16362287121644
9947,7.474795898338937,12.069415991382735,20.6011826888131
9948,7.921143350531026,12.655033804517732,21.01684253971599
9949,7.754534765397563,12.959287595177578,21.607417539669623
9950,7.926414164986669,13.66116071940434,21.830405715272892
9951,8.136910958808707,14.464726318758979,22.407935283284466
9952,9.226382869168999,14.0452264466519,23.076622426515772
9953,9.433919864803519,14.375010414967933,23.75907162330513
9954,10.771668167890464,14.593961679218157,24.43313261019669
9955,11.325819069455187,14.85381719545593,25.35927100131867
9956,12.095038048099699,15.08049821593781,25.834056524872885
9957,12.12671648019659,15.241995264078618,26.856855564421586
9958,12.267896045684259,15.233824007973414,28.86548985934389
9959,12.723572935429024,14.96139148550119,30.97719950995173
9960,12.939566418772449,13.760876182506605,31.384804051965553
9961,12.950181136400335,12.822101832376092,32.300960408831536
9962,12.943319105851437,12.10190321360019,32.315200791613066
9963,12.780829653316065,11.640829424994775,31.870164311612537
9964,12.617728992362583,10.825423133737878,33.31642192002586
9965,12.221048248866197,10.258044194483201,33.775756339792615
9966,11.935889241923507,8.621701846289922,34.120585876980456
9967,11.541503216686465,4.458608296406353,34.157335796778085
9968,10.678669099542017,3.4998136478288187,33.87287357549251
9969,10.1048146752419,2.786526615125194,34.38016756787411
9970,9.173400071977042,2.0862571063981443,33.85028359555962
9971,8.288038565400583,1.5017364174953416,32.86383019037445
9972,7.7780681964690155,1.112028726195043,31.96365499055431
9973,8.346532319985148,1.1398558090929427,30.935458799964543
9974,7.021629502784249,0.7621376404457068,30.85125554085356
9975,6.092820288995913,0.8455271161971969,30.578305616207814
9976,5.556728459683145,0.6038942907242255,29.676147488430175
9977,4.934671082993835,0.47800119964386567,28.749657890703112
9978,4.4817425666868225,0.4448103062138726,28.493452430983083
9979,4.156447223498813,0.42443141731726763,27.47291869334801
9980,3.405136672037565,0.4351709743913262,27.664386541513757
9981,3.3097166132112834,0.43340339198201244,25.58418345559437
9982,3.222772272373399,0.4275989619811578,24.61418654649353
9983,3.1619803599189322,0.5228034296012087,24.11930135213602
9984,3.117667588428399,0.7904457121938318,23.216015021298922
9985,2.9214381664674365,0.8790259204074816,22.75992064915135
9986,2.6292623041709007,0.9164467850892718,22.262345205340985
9987,2.4259057750163753,1.1557374248311805,20.881166359111692
9988,2.2397851250028133,1.255046710221573,19.70609511613535
9989,2.166296926388476,1.2552995901513377,19.767935866579286
9990,2.090067584065199,1.4653353723718603,20.85924100267826
9991,2.043172657047001,1.6682254581916875,20.292117497897546
9992,2.030212983333123,1.7809786249026633,20.042914598412708
9993,2.0213458379245357,1.7225816973543684,20.274703313459778
9994,1.990306424337521,1.8355738138115854,19.669099450897804
9995,1.9651748351676424,2.1398676624339568,19.246854352270724
9996,1.9995291633822707,2.339936551041108,19.298516400228383
9997,2.040177954741578,2.6329728289659577,18.889586628633012
9998,2.0737622860552216,2.4440027462133798,17.958691400182722
9999,2.1226492867904767,2.6170325651786435,18.00313614523796
10000,2.190227430340504,2.815534195019655,17.458102940937287
